
  time  !flux: mass! kin. en. ! the. en. !  b. en.  !ideal.Con.! res. Con.
 -------!----------!----------!----------!----------!----------!----------
   0.000  -1919.998   -959.999  -2000.000    -32.000      0.000    -32.000
           0.0000     0.0000     0.0000     0.0000     0.0000     0.0000
   1.000  -1919.998   -959.999  -2000.000    -32.000      0.000    -32.000
           0.0000     0.0000     0.0000     0.0000     0.0000     0.0000
   2.000  -1919.998   -959.999  -2000.000    -32.000     -0.000    -32.000
           0.0000     0.0000     0.0000     0.0000     0.0000     0.0000
   3.000  -1919.998   -959.999  -2000.000    -32.000      0.000    -32.000
           0.0000     0.0000     0.0000     0.0000     0.0000     0.0000
   4.000  -1919.998   -959.999  -2000.000    -32.000     -0.000    -32.000
           0.0000     0.0000     0.0000     0.0000     0.0000     0.0000
   5.000  -1919.998   -959.999  -2000.000    -32.000      0.000    -32.000
           0.0000     0.0000     0.0000     0.0000     0.0000     0.0000
   6.000  -1919.998   -959.999  -2000.000    -32.000     -0.000    -32.000
           0.0000     0.0000     0.0000     0.0000     0.0000     0.0000
   7.000  -1919.998   -959.999  -1999.999    -32.000      0.000    -32.000
           0.0000     0.0000     0.0000     0.0000     0.0000     0.0000
   8.000  -1919.998   -959.999  -1999.998    -32.000     -0.000    -32.000
           0.0000     0.0000     0.0000     0.0000     0.0000     0.0000
   9.000  -1920.031   -960.027  -2000.050    -32.001     -0.000    -32.001
           0.0000     0.0000     0.0000     0.0000     0.0000     0.0000
  10.000  -1919.829   -959.846  -1999.749    -31.995      0.000    -31.995
           0.0000     0.0000     0.0000     0.0000     0.0000     0.0000
  11.000  -1920.389   -960.361  -2000.557    -32.010     -0.000    -32.010
           0.0000     0.0000     0.0000     0.0000     0.0000     0.0000
  12.000  -1919.444   -959.503  -1999.194    -31.986     -0.000    -31.986
           0.0000     0.0000     0.0000     0.0000     0.0000     0.0000
  13.000  -1920.336   -960.263  -2000.512    -32.011      0.000    -32.011
           0.0000     0.0000     0.0000     0.0000     0.0000     0.0000
  14.000  -1920.455   -960.437  -2000.425    -32.018     -0.000    -32.018
           0.0000     0.0000     0.0000     0.0000     0.0000     0.0000
  15.000  -1918.805   -958.862  -1998.552    -31.969      0.000    -31.969
           0.0000     0.0000     0.0000     0.0000     0.0000     0.0000
  16.000  -1921.437   -961.343  -2002.197    -32.033     -0.000    -32.033
           0.0000     0.0000     0.0000     0.0000     0.0000     0.0000
  17.000  -1919.074   -959.081  -1998.364    -31.984     -0.000    -31.984
           0.0000     0.0000     0.0000     0.0000     0.0000     0.0000
  18.000  -1919.992   -959.855  -2000.244    -31.988      0.000    -31.988
           0.0000     0.0000     0.0000     0.0000     0.0000     0.0000
  19.000  -1921.038   -961.055  -2001.525    -32.043     -0.000    -32.043
           0.0000     0.0000     0.0000     0.0000     0.0000     0.0000
  20.000  -1918.214   -958.210  -1997.397    -31.941      0.000    -31.941
           0.0000     0.0000     0.0000     0.0000     0.0000     0.0000
  21.000  -1921.992   -961.809  -2002.930    -32.057      0.000    -32.057
           0.0000     0.0000     0.0000     0.0000     0.0000     0.0000
  22.000  -1918.407   -958.557  -1997.679    -31.964     -0.000    -31.964
           0.0000     0.0000     0.0000     0.0000     0.0000     0.0000
  23.000  -1920.862   -960.689  -2001.327    -32.013      0.000    -32.013
           0.0000     0.0000     0.0000     0.0000     0.0000     0.0000
  24.000  -1919.971   -960.179  -1999.844    -32.003     -0.000    -32.003
           0.0000     0.0000     0.0000     0.0000     0.0000     0.0000
  25.000  -1918.950   -958.988  -1998.474    -31.981      0.000    -31.981
           0.0000     0.0000     0.0000     0.0000     0.0000     0.0000
  26.000  -1921.896   -961.979  -2002.568    -32.039     -0.000    -32.039
           0.0000     0.0000     0.0000     0.0000     0.0000     0.0000
  27.000  -1917.475   -957.820  -1996.312    -31.931      0.000    -31.931
           0.0000     0.0000     0.0000     0.0000     0.0000     0.0000
  28.000  -1922.164   -962.133  -2003.020    -32.074      0.000    -32.074
           0.0000     0.0000     0.0000     0.0000     0.0000     0.0000
  29.000  -1918.465   -958.849  -1997.551    -31.935     -0.000    -31.935
           0.0000     0.0000     0.0000     0.0000     0.0000     0.0000
  30.000  -1920.262   -960.207  -2000.414    -31.998      0.000    -31.999
           0.0000     0.0000     0.0000     0.0000     0.0000     0.0000
  31.000  -1920.769   -960.904  -2000.995    -32.047     -0.000    -32.047
           0.0000     0.0000     0.0000     0.0000     0.0000     0.0000
  32.000  -1918.106   -957.959  -1997.438    -31.930     -0.000    -31.930
           0.0000     0.0000     0.0000     0.0000     0.0000     0.0000
  33.000  -1922.251   -961.812  -2003.421    -32.059      0.000    -32.059
           0.0000     0.0000     0.0000     0.0000     0.0000     0.0000
  34.000  -1918.069   -957.670  -1997.641    -31.984     -0.000    -31.984
           0.0000     0.0000     0.0000     0.0000     0.0000     0.0000
  35.000  -1921.336   -960.423  -2002.511    -32.036     -0.000    -32.036
           0.0000     0.0000     0.0000     0.0000     0.0000     0.0000
  36.000  -1919.458   -958.595  -1999.856    -31.992      0.000    -31.992
           0.0000     0.0000     0.0000     0.0000     0.0000     0.0000
  37.000  -1920.438   -959.344  -2001.410    -32.049      0.000    -32.049
           0.0000     0.0000     0.0000     0.0000     0.0000     0.0000
  38.000  -1920.049   -958.963  -2000.816    -32.019     -0.000    -32.019
           0.0000     0.0000     0.0000     0.0000     0.0000     0.0000
  39.000  -1920.418   -959.560  -2001.210    -32.019      0.000    -32.019
           0.0000     0.0000     0.0000     0.0000     0.0000     0.0000
  40.000  -1919.493   -959.015  -1999.676    -32.019      0.000    -32.019
           0.0000     0.0000     0.0000     0.0000     0.0000     0.0000
  41.000  -1920.972   -961.044  -2001.317    -32.027      0.000    -32.027
           0.0000     0.0000     0.0000     0.0000     0.0000     0.0000
  42.000  -1919.182   -960.179  -1998.211    -31.977      0.000    -31.977
           0.0000     0.0000     0.0000     0.0000     0.0000     0.0000
  43.000  -1919.983   -961.796  -1998.770    -31.983      0.000    -31.983
           0.0000     0.0000     0.0000     0.0000     0.0000     0.0000
  44.000  -1921.052   -964.135  -1999.407    -31.972      0.000    -31.972
           0.0000     0.0000     0.0000     0.0000     0.0000     0.0000
  45.000  -1916.149   -960.367  -1991.854    -31.849      0.000    -31.850
           0.0000     0.0000     0.0000     0.0000     0.0000     0.0000
  46.000  -1924.808   -969.702  -2003.468    -32.049     -0.000    -32.049
           0.0000     0.0000     0.0000     0.0000     0.0000     0.0000
  47.000  -1910.459   -956.771  -1982.662    -31.633      0.000    -31.633
           0.0000     0.0000     0.0000     0.0000     0.0000     0.0000
  48.000  -1928.026   -973.226  -2007.876    -32.134     -0.000    -32.134
           0.0000     0.0000     0.0000     0.0000     0.0000     0.0000
  49.000  -1907.762   -954.436  -1978.810    -31.585     -0.000    -31.585
           0.0000     0.0000     0.0000     0.0000     0.0000     0.0000
  50.000  -1929.327   -972.008  -2011.671    -32.135     -0.000    -32.135
           0.0000     0.0000     0.0000     0.0000     0.0000     0.0000
  51.000  -1910.739   -954.011  -1985.673    -31.754      0.000    -31.755
           0.0000     0.0000     0.0000     0.0000     0.0000     0.0000
  51.999  -1930.379   -962.786  -2021.470    -32.327      0.014    -32.341
           0.0000     0.0000     0.0000     0.0000     0.0000     0.0000
  52.999  -1902.929   -867.447  -2064.407    -33.899      0.051    -33.950
       ********** ********** ********** -2552.5305     3.8149 -2556.3452
  53.999  -1845.132   -684.641  -2189.487    -37.586      0.110    -37.696
           0.0000     0.0000     0.0000     0.0000     0.0000     0.0000
  54.999  -1711.710   -368.864  -2345.021    -42.862      0.149    -43.011
       ********** ********** ********** -2140.0356     7.4477 -2147.4832
  55.999  -1597.528   -188.264  -2434.351    -45.380      0.135    -45.515
       88293.1016 10405.0576 **********  2508.0647    -7.4636  2515.5281
  56.999  -1600.507   -163.550  -2510.091    -45.628      0.103    -45.731
       23936.6016  2445.9973 37540.0156   682.3903    -1.5461   683.9364
  57.999  -1636.573   -171.918  -2579.028    -45.203      0.102    -45.305
       20909.7148  2196.5139 32951.0117   577.5343    -1.3006   578.8350
  58.999  -1655.200   -174.501  -2624.371    -44.675      0.104    -44.778
       22201.7656  2340.6370 35201.5977   599.2348    -1.3925   600.6273
  59.999  -1668.807   -175.924  -2660.409    -44.078      0.100    -44.177
       21594.7031  2276.4961 34426.2422   570.3774    -1.2883   571.6658
  60.999  -1680.257   -177.772  -2687.600    -43.575      0.096    -43.671
       22560.2305  2386.8821 36085.4727   585.0616    -1.2917   586.3534
  61.999  -1695.923   -180.881  -2722.075    -43.070      0.095    -43.165
       24689.2344  2633.2651 39627.9453   627.0086    -1.3861   628.3947
  62.999  -1706.005   -182.595  -2746.002    -42.456      0.093    -42.549
       25425.8926  2721.3494 40925.7461   632.7500    -1.3858   634.1358
  63.999  -1715.829   -184.546  -2767.832    -41.905      0.091    -41.996
       24711.4219  2657.8301 39862.3984   603.5145    -1.3069   604.8214
  64.999  -1724.632   -186.395  -2787.083    -41.415      0.089    -41.504
       24280.7012  2624.2078 39238.7031   583.0738    -1.2561   584.3299
  65.999  -1729.361   -187.175  -2798.482    -41.052      0.088    -41.140
       24262.9199  2626.0647 39262.6641   575.9635    -1.2345   577.1980
  66.999  -1738.730   -189.348  -2817.995    -40.633      0.087    -40.720
       24717.7383  2691.7703 40060.5469   577.6328    -1.2355   578.8683
  68.000  -1745.915   -190.944  -2833.458    -40.252      0.086    -40.338
       25160.5859  2751.7219 40833.2852   580.0831    -1.2363   581.3195
  68.950  -1753.838   -192.860  -2849.671    -40.012      0.085    -40.097
       25431.8379  2796.6025 41322.1602   580.2040    -1.2319   581.4359
  69.850  -1765.339   -195.821  -2872.637    -39.881      0.085    -39.966
       25260.4883  2802.0315 41104.9688   570.6664    -1.2115   571.8779
  70.749  -1768.842   -196.460  -2880.877    -39.688      0.084    -39.772
       24798.1699  2754.2642 40388.2930   556.4003    -1.1781   557.5784
  71.649  -1774.614   -197.799  -2893.156    -39.402      0.083    -39.486
       24678.7109  2750.7014 40233.7422   547.9466    -1.1611   549.1077
  72.549  -1778.404   -198.573  -2901.791    -39.126      0.083    -39.209
       24787.0977  2767.6804 40444.6797   545.3367    -1.1538   546.4905
  73.449  -1781.474   -199.157  -2908.897    -38.862      0.082    -38.944
       24875.4609  2780.9126 40618.1367   542.6495    -1.1479   543.7975
  74.349  -1784.182   -199.649  -2915.357    -38.621      0.082    -38.703
       24697.2773  2763.6091 40355.3945   534.6108    -1.1308   535.7416
  75.249  -1784.277   -199.381  -2916.925    -38.461      0.081    -38.543
       24406.1934  2727.2246 39899.0898   526.0910    -1.1127   527.2037
  76.149  -1787.918   -200.141  -2925.059    -38.250      0.081    -38.331
       24259.9785  2715.6819 39689.6680   519.0060    -1.0998   520.1059
  77.049  -1790.333   -200.527  -2931.001    -38.063      0.081    -38.144
       24215.3867  2712.2529 39643.6406   514.8307    -1.0905   515.9211
  77.949  -1792.275   -200.762  -2935.911    -37.879      0.080    -37.959
       24141.3203  2704.1914 39545.7109   510.2104    -1.0826   511.2930
  78.849  -1793.750   -200.822  -2939.987    -37.699      0.080    -37.779
       23885.5918  2674.1506 39148.9023   502.0017    -1.0681   503.0697
  79.749  -1792.853   -200.138  -2939.514    -37.581      0.080    -37.661
       23533.8125  2627.1067 38585.4102   493.3060    -1.0519   494.3579
  80.649  -1795.590   -200.485  -2945.510    -37.400      0.080    -37.480
       23233.9492  2594.1633 38113.2773   483.9352    -1.0341   484.9692
  81.549  -1797.765   -200.675  -2950.233    -37.241      0.079    -37.320
       22953.2832  2562.1538 37667.6172   475.4765    -1.0135   476.4901
  82.449  -1799.981   -200.924  -2954.774    -37.093      0.079    -37.172
       22658.3223  2529.2549 37194.9609   466.9272    -0.9938   467.9210
  83.349  -1802.336   -201.223  -2960.086    -36.973      0.079    -37.052
       22267.8418  2486.1016 36571.8242   456.8033    -0.9732   457.7766
  84.249  -1802.681   -200.871  -2962.646    -36.928      0.079    -37.007
       21705.6582  2418.6453 35672.5273   444.6373    -0.9502   445.5876
  85.149  -1806.383   -201.411  -2972.387    -36.821      0.079    -36.900
       21112.7070  2354.0601 34740.7656   430.3568    -0.9230   431.2798
  86.049  -1809.767   -201.798  -2981.946    -36.733      0.078    -36.811
       20571.7793  2293.8530 33896.0273   417.5469    -0.8918   418.4387
  86.949  -1814.146   -202.485  -2993.204    -36.660      0.078    -36.738
       20093.1797  2242.6885 33152.2383   406.0392    -0.8626   406.9017
  87.849  -1819.755   -203.633  -3006.934    -36.622      0.077    -36.699
       19632.5488  2196.9128 32440.5176   395.0995    -0.8335   395.9330
  88.749  -1824.496   -204.482  -3020.022    -36.782      0.077    -36.858
       19088.8398  2139.3970 31597.0586   384.8279    -0.8031   385.6310
  89.649  -1831.290   -205.718  -3038.572    -37.148      0.076    -37.224
       18244.8750  2049.5430 30272.8594   370.1022    -0.7557   370.8579
  90.522  -1834.673   -205.114  -3054.650    -38.477      0.078    -38.555
       16519.7070  1846.8770 27504.5879   346.4503    -0.7020   347.1523
  91.332  -1815.755   -194.289  -3048.827    -40.576      0.098    -40.674
       15915.3789  1702.9739 26723.4531   355.6512    -0.8588   356.5100
  92.142  -1716.112   -157.640  -2938.702    -41.775      0.139    -41.914
       24915.3633  2288.7009 42665.5234   606.5114    -2.0233   608.5347
  92.951  -1584.949   -118.874  -2772.560    -39.310      0.158    -39.468
           0.0000     0.0000     0.0000     0.0000     0.0000     0.0000
  93.761  -1544.186   -105.926  -2714.710    -33.245      0.114    -33.359
       ********** -1785.5256 **********  -560.3821     1.9272  -562.3093
  94.571  -1555.694   -107.023  -2720.822    -29.154      0.040    -29.195
       ********** -1529.9021 **********  -416.7609     0.5757  -417.3366
  95.381  -1548.827   -119.238  -2632.925    -33.914     -0.028    -33.886
           0.0000     0.0000     0.0000     0.0000     0.0000     0.0000
  96.191  -1675.943   -184.742  -2711.971    -49.625      0.007    -49.632
        3342.6289   368.4644  5408.9634    98.9764    -0.0134    98.9898
  97.001  -1811.618   -254.824  -2845.895    -49.469      0.061    -49.531
        4072.3628   572.8229  6397.3311   111.2032    -0.1381   111.3413
  97.811  -1833.014   -260.946  -2879.241    -41.224      0.066    -41.289
        3753.1707   534.2973  5895.3647    84.4072    -0.1345    84.5417
  98.621  -1823.294   -243.646  -2878.553    -45.169      0.088    -45.257
        3753.9473   501.6393  5926.5996    92.9981    -0.1812    93.1793
  99.431  -1803.221   -221.918  -2883.336    -43.078      0.112    -43.190
        6624.9209   815.3115 10593.1924   158.2654    -0.4119   158.6773
 100.241  -1800.504   -214.177  -2898.044    -39.244      0.087    -39.331
       11442.6641  1361.1511 18417.8184   249.4080    -0.5501   249.9581
 101.051  -1807.008   -211.416  -2927.148    -39.088      0.086    -39.174
       10540.1602  1233.1772 17073.8652   227.9983    -0.5003   228.4986
 101.861  -1805.819   -205.807  -2946.889    -37.484      0.093    -37.577
       11954.3154  1362.4188 19508.0645   248.1372    -0.6183   248.7555
 102.671  -1803.439   -200.850  -2962.346    -36.429      0.084    -36.513
       12390.0791  1379.8904 20352.0547   250.2790    -0.5772   250.8562
 103.432  -1812.975   -201.699  -2987.832    -36.408      0.078    -36.486
       12208.6455  1358.2495 20120.1797   245.1749    -0.5250   245.7000
 104.161  -1836.542   -208.585  -3033.141    -36.210      0.074    -36.283
       12736.8652  1446.5889 21035.5723   251.1230    -0.5104   251.6334
 104.890  -1857.825   -215.820  -3072.538    -36.292      0.070    -36.362
       11948.0078  1387.9789 19760.0508   233.4004    -0.4497   233.8501
 105.619  -1883.776   -223.764  -3125.126    -36.185      0.071    -36.256
       11741.5938  1394.7230 19478.9395   225.5408    -0.4428   225.9836
 106.283  -1907.869   -230.448  -3179.395    -35.898      0.070    -35.968
       12100.1533  1461.5541 20164.4688   227.6727    -0.4445   228.1173
 106.939  -1932.138   -237.049  -3242.095    -35.944      0.069    -36.014
       11912.6182  1461.5289 19989.1699   221.6140    -0.4284   222.0424
 107.595  -1956.862   -243.231  -3317.981    -35.736      0.070    -35.806
       11963.7725  1487.0525 20285.3145   218.4795    -0.4269   218.9064
 108.251  -1989.451   -251.712  -3421.685    -35.764      0.067    -35.831
       12570.9658  1590.5239 21620.9844   225.9845    -0.4246   226.4091
 108.907  -2021.418   -260.423  -3543.848    -36.024      0.065    -36.089
       12784.5488  1647.0557 22413.2246   227.8354    -0.4125   228.2478
 109.563  -2053.896   -270.385  -3692.757    -36.609      0.065    -36.674
       13058.8652  1719.1340 23478.8906   232.7627    -0.4157   233.1783
 110.220  -2080.214   -279.373  -3867.070    -37.177      0.067    -37.244
       13726.2725  1843.4412 25516.8281   245.3117    -0.4433   245.7550
 110.876  -2097.181   -286.773  -4070.515    -37.833      0.068    -37.902
       14161.0576  1936.4111 27485.8418   255.4661    -0.4610   255.9271
 111.532  -2085.645   -289.921  -4274.349    -38.762      0.072    -38.834
       14848.0908  2063.9988 30429.8828   275.9560    -0.5118   276.4678
 112.188  -2014.971   -281.938  -4446.630    -38.677      0.075    -38.752
       16449.0801  2301.5854 36299.7617   315.7380    -0.6129   316.3509
 112.844  -1863.557   -258.502  -4482.758    -37.640      0.077    -37.717
       18049.1367  2503.6709 43416.9180   364.5551    -0.7423   365.2974
 113.500  -1684.975   -231.810  -4319.359    -35.599      0.075    -35.674
       60673.0156  8347.0713 **********  1281.8499    -2.6924  1284.5422
 114.156  -1590.544   -223.153  -4041.126    -33.070      0.070    -33.140
       ********** -2108.3508 **********  -312.4483     0.6613  -313.1095
 114.793  -1639.274   -244.435  -3772.085    -33.169      0.053    -33.222
       -7818.7944 -1165.8727 **********  -158.2046     0.2536  -158.4582
 115.383  -1750.909   -278.626  -3680.188    -36.827      0.049    -36.876
       -4139.9424  -658.7979 -8701.6338   -87.0766     0.1161   -87.1927
 115.974  -1820.677   -302.604  -3660.523    -41.048      0.060    -41.108
       -3466.5137  -576.1484 -6969.5239   -78.1540     0.1140   -78.2680
 116.564  -1779.584   -297.219  -3562.611    -42.651      0.071    -42.722
       -5169.4897  -863.3873 **********  -123.8957     0.2068  -124.1026
 117.155  -1742.496   -291.851  -3408.273    -41.860      0.068    -41.929
       -9048.0156 -1515.4534 **********  -217.3628     0.3540  -217.7167
 117.745  -1762.610   -299.876  -3320.362    -41.178      0.060    -41.237
       -3975.7520  -676.4017 -7489.4243   -92.8803     0.1345   -93.0148
 118.336  -1806.269   -314.844  -3260.671    -43.053      0.050    -43.103
       -2382.0999  -415.2149 -4300.1582   -56.7785     0.0657   -56.8442
 118.926  -1836.541   -324.220  -3242.841    -44.950      0.055    -45.005
       -1761.5557  -310.9825 -3110.4360   -43.1142     0.0532   -43.1674
 119.517  -1859.887   -341.199  -3238.163    -46.120      0.057    -46.177
       -1434.3503  -263.1341 -2497.2815   -35.5678     0.0442   -35.6120
 120.107  -1869.490   -350.561  -3272.779    -45.506      0.063    -45.569
       -1274.8787  -239.0614 -2231.8362   -31.0324     0.0428   -31.0752
 120.698  -1858.408   -355.112  -3260.058    -43.554      0.059    -43.612
       -1264.7548  -241.6744 -2218.6592   -29.6408     0.0398   -29.6807
 121.288  -1858.545   -360.661  -3255.313    -42.985      0.051    -43.036
       -1133.8943  -220.0383 -1986.0601   -26.2251     0.0310   -26.2561
 121.879  -1865.395   -371.274  -3250.183    -43.859      0.046    -43.905
       -1060.6886  -211.1111 -1848.0973   -24.9389     0.0262   -24.9651
 122.469  -1850.069   -374.174  -3207.027    -44.541      0.048    -44.589
       -1118.4271  -226.2001 -1938.7526   -26.9264     0.0292   -26.9557
 123.060  -1860.615   -383.748  -3191.543    -44.660      0.052    -44.712
       -1154.6836  -238.1508 -1980.6472   -27.7155     0.0325   -27.7480
 123.650  -1871.994   -439.827  -2790.750    -49.741      0.063    -49.805
       -1082.0715  -254.2339 -1613.1414   -28.7520     0.0367   -28.7887
 124.241  -1888.271   -468.288  -2582.369    -53.109      0.106    -53.215
       -1126.2208  -279.3007 -1540.2020   -31.6758     0.0630   -31.7388
 124.831  -1875.370   -453.391  -2505.468    -50.434      0.127    -50.561
       -1310.7791  -316.8950 -1751.1823   -35.2504     0.0891   -35.3395
 125.422  -1849.679   -427.876  -2468.188    -48.282      0.121    -48.403
       -1539.6068  -356.1487 -2054.4319   -40.1882     0.1007   -40.2888
 126.013  -1835.577   -404.418  -2466.483    -48.702      0.120    -48.822
       -1705.5619  -375.7725 -2291.7810   -45.2523     0.1119   -45.3642
 126.603  -1823.677   -386.656  -2445.041    -49.245      0.129    -49.374
       -1827.2548  -387.4150 -2449.8376   -49.3420     0.1292   -49.4712
 127.194  -1824.711   -378.981  -2446.366    -49.428      0.137    -49.565
       -1895.3434  -393.6510 -2541.0615   -51.3412     0.1423   -51.4835
 127.784  -1817.959   -373.840  -2450.953    -50.019      0.139    -50.158
       -1842.7670  -378.9411 -2484.3989   -50.7013     0.1410   -50.8424
 128.375  -1808.199   -362.595  -2453.476    -50.808      0.144    -50.952
       -1779.0940  -356.7589 -2413.9846   -49.9899     0.1417   -50.1316
 128.965  -1797.833   -346.225  -2463.544    -50.990      0.150    -51.140
       -1664.1449  -320.4793 -2280.3540   -47.1986     0.1386   -47.3373
 129.556  -1785.767   -329.943  -2468.352    -51.054      0.149    -51.203
       -1572.9406  -290.6209 -2174.1755   -44.9696     0.1312   -45.1007
 130.146  -1785.339   -329.473  -2461.020    -52.265      0.149    -52.414
       -1562.7698  -288.3990 -2154.2175   -45.7496     0.1305   -45.8802
 130.737  -1792.917   -338.087  -2463.489    -53.265      0.156    -53.421
       -1561.5779  -294.4635 -2145.6257   -46.3923     0.1362   -46.5285
 131.327  -1798.369   -346.463  -2452.854    -53.071      0.158    -53.229
       -1546.7664  -297.9909 -2109.6848   -45.6461     0.1361   -45.7822
 131.918  -1798.888   -344.454  -2460.929    -52.161      0.155    -52.317
       -1545.8342  -295.9993 -2114.7451   -44.8236     0.1335   -44.9571
 132.508  -1798.463   -344.427  -2461.011    -52.051      0.151    -52.202
       -1592.2874  -304.9421 -2178.8818   -46.0837     0.1340   -46.2176
 133.099  -1798.458   -343.254  -2456.000    -51.944      0.151    -52.094
       -1630.8708  -311.2682 -2227.1396   -47.1034     0.1365   -47.2399
 133.689  -1802.620   -345.389  -2451.480    -51.881      0.150    -52.031
       -1664.3427  -318.8946 -2263.4290   -47.9016     0.1382   -48.0398
 134.280  -1811.452   -350.633  -2450.225    -51.976      0.149    -52.125
       -1701.8616  -329.4202 -2301.9893   -48.8312     0.1402   -48.9714
 134.870  -1813.838   -354.320  -2447.244    -51.816      0.149    -51.965
       -1689.0562  -329.9453 -2278.8877   -48.2516     0.1387   -48.3903
 135.461  -1813.958   -358.772  -2451.048    -51.678      0.148    -51.825
       -1644.6851  -325.2929 -2222.3242   -46.8553     0.1338   -46.9891
 136.051  -1812.538   -357.424  -2450.566    -51.234      0.147    -51.380
       -1583.6283  -312.2840 -2141.0786   -44.7635     0.1280   -44.8915
 136.642  -1816.278   -358.265  -2451.377    -51.088      0.146    -51.233
       -1575.8163  -310.8334 -2126.8330   -44.3242     0.1263   -44.4505
 137.232  -1819.842   -360.625  -2448.827    -51.057      0.145    -51.202
       -1544.4855  -306.0599 -2078.3005   -43.3314     0.1232   -43.4547
 137.823  -1819.091   -359.998  -2449.258    -50.768      0.144    -50.912
       -1534.9205  -303.7605 -2066.6455   -42.8373     0.1218   -42.9591
 138.413  -1814.893   -358.094  -2455.278    -50.577      0.142    -50.719
       -1563.7188  -308.5349 -2115.4773   -43.5770     0.1225   -43.6995
 139.004  -1819.769   -361.025  -2440.524    -50.799      0.142    -50.941
       -1580.9972  -313.6552 -2120.3027   -44.1340     0.1234   -44.2574
 139.594  -1829.386   -363.427  -2437.087    -50.741      0.143    -50.884
       -1628.3656  -323.4924 -2169.2903   -45.1651     0.1277   -45.2928
 140.185  -1832.600   -365.795  -2442.319    -50.609      0.143    -50.752
       -1671.4755  -333.6336 -2227.5876   -46.1592     0.1305   -46.2898
 140.775  -1825.673   -366.278  -2448.229    -50.429      0.142    -50.571
       -1707.7395  -342.6172 -2290.0801   -47.1716     0.1326   -47.3042
 141.366  -1820.268   -365.157  -2450.995    -50.263      0.140    -50.403
       -1653.5359  -331.7099 -2226.4897   -45.6592     0.1271   -45.7864
 141.956  -1820.402   -366.987  -2451.799    -50.262      0.140    -50.402
       -1561.5323  -314.7995 -2103.1414   -43.1148     0.1199   -43.2346
 142.547  -1825.685   -371.980  -2444.237    -50.378      0.141    -50.519
       -1479.1331  -301.3708 -1980.2711   -40.8155     0.1139   -40.9294
 143.137  -1828.265   -367.655  -2442.489    -49.851      0.140    -49.991
       -1494.8729  -300.6113 -1997.0909   -40.7603     0.1146   -40.8749
 143.728  -1833.424   -371.108  -2436.227    -50.174      0.139    -50.313
       -1555.2063  -314.7934 -2066.5349   -42.5600     0.1178   -42.6778
 144.318  -1828.748   -365.973  -2443.787    -50.009      0.139    -50.148
       -1529.1138  -306.0092 -2043.3810   -41.8151     0.1166   -41.9317
 144.909  -1831.121   -367.531  -2442.169    -50.195      0.139    -50.335
       -1553.5533  -311.8198 -2071.9766   -42.5866     0.1183   -42.7049
 145.500  -1833.289   -373.004  -2442.210    -50.420      0.141    -50.561
       -1578.7446  -321.2139 -2103.1189   -43.4193     0.1211   -43.5404
 146.090  -1830.823   -375.549  -2443.995    -50.230      0.141    -50.370
       -1576.3983  -323.3602 -2104.3596   -43.2493     0.1212   -43.3705
 146.681  -1824.824   -370.955  -2451.513    -49.661      0.139    -49.800
       -1567.1628  -318.5772 -2105.3650   -42.6494     0.1192   -42.7686
 147.271  -1818.583   -366.053  -2460.372    -49.469      0.135    -49.604
       -1562.4994  -314.5074 -2113.9155   -42.5027     0.1164   -42.6191
 147.862  -1827.767   -374.728  -2442.996    -50.100      0.137    -50.237
       -1506.5148  -308.8651 -2013.6097   -41.2942     0.1132   -41.4074
 148.452  -1832.780   -374.129  -2444.956    -49.762      0.138    -49.900
       -1474.0762  -300.9065 -1966.4403   -40.0225     0.1113   -40.1338
 149.043  -1834.695   -375.060  -2446.669    -49.679      0.137    -49.816
       -1478.2438  -302.1919 -1971.3220   -40.0275     0.1103   -40.1378
 149.633  -1832.755   -375.398  -2444.526    -49.754      0.137    -49.891
       -1500.7888  -307.4023 -2001.7509   -40.7421     0.1118   -40.8540
 150.224  -1828.315   -372.220  -2457.195    -49.545      0.136    -49.680
       -1529.9410  -311.4754 -2056.1899   -41.4591     0.1137   -41.5728
 150.814  -1825.400   -374.540  -2447.250    -49.713      0.135    -49.848
       -1530.8899  -314.1112 -2052.4104   -41.6923     0.1131   -41.8053
 151.405  -1833.066   -381.415  -2447.195    -49.936      0.137    -50.074
       -1505.5641  -313.2701 -2009.9701   -41.0145     0.1128   -41.1273
 151.995  -1835.548   -379.537  -2442.487    -49.417      0.137    -49.553
       -1496.9537  -309.5257 -1991.9336   -40.3009     0.1114   -40.4123
 152.586  -1837.510   -379.217  -2442.973    -49.325      0.135    -49.460
       -1532.3210  -316.2336 -2037.2241   -41.1323     0.1126   -41.2449
 153.176  -1831.469   -374.256  -2451.427    -49.177      0.133    -49.311
       -1548.6979  -316.4724 -2072.9368   -41.5846     0.1127   -41.6973
 153.767  -1836.296   -382.700  -2440.571    -49.743      0.134    -49.878
       -1517.1761  -316.1924 -2016.4370   -41.0986     0.1110   -41.2096
 154.357  -1840.538   -384.331  -2443.917    -49.417      0.136    -49.552
       -1473.9681  -307.7858 -1957.1755   -39.5747     0.1086   -39.6833
 154.948  -1841.752   -387.708  -2438.924    -49.198      0.134    -49.333
       -1449.5482  -305.1451 -1919.5514   -38.7215     0.1056   -38.8271
 155.538  -1838.608   -383.935  -2445.120    -48.953      0.132    -49.085
       -1463.8591  -305.6802 -1946.7505   -38.9752     0.1054   -39.0806
 156.129  -1835.873   -382.012  -2454.151    -48.924      0.132    -49.056
       -1441.4504  -299.9402 -1926.8966   -38.4134     0.1033   -38.5166
 156.719  -1837.365   -383.066  -2439.929    -49.123      0.131    -49.254
       -1444.4629  -301.1511 -1918.1746   -38.6186     0.1026   -38.7213
 157.310  -1844.146   -386.588  -2435.859    -49.294      0.132    -49.426
       -1455.5977  -305.1365 -1922.6406   -38.9084     0.1042   -39.0127
 157.900  -1850.773   -394.835  -2430.812    -49.411      0.133    -49.544
       -1447.0300  -308.7023 -1900.5345   -38.6318     0.1043   -38.7361
 158.491  -1851.077   -397.618  -2432.050    -48.937      0.132    -49.069
       -1440.0939  -309.3373 -1892.0775   -38.0719     0.1029   -38.1748
 159.081  -1845.514   -388.908  -2442.039    -48.292      0.128    -48.421
       -1460.5936  -307.7932 -1932.7006   -38.2199     0.1016   -38.3214
 159.672  -1847.062   -387.443  -2436.002    -48.673      0.127    -48.800
       -1486.3250  -311.7737 -1960.2429   -39.1670     0.1020   -39.2691
 160.262  -1852.930   -398.708  -2433.107    -49.382      0.130    -49.513
       -1427.2444  -307.1105 -1874.1332   -38.0374     0.1004   -38.1378
 160.853  -1850.899   -398.856  -2441.149    -48.625      0.130    -48.755
       -1379.2009  -297.2085 -1819.0265   -36.2329     0.0970   -36.3299
 161.443  -1849.830   -405.979  -2436.364    -48.515      0.127    -48.642
       -1380.5818  -302.9939 -1818.3292   -36.2081     0.0948   -36.3028
 162.034  -1847.727   -403.344  -2437.427    -48.225      0.125    -48.350
       -1387.5973  -302.9015 -1830.4478   -36.2158     0.0939   -36.3097
 162.624  -1854.257   -403.164  -2433.996    -48.194      0.125    -48.319
       -1388.4156  -301.8778 -1822.5081   -36.0864     0.0933   -36.1796
 163.215  -1857.815   -405.579  -2431.200    -48.243      0.125    -48.368
       -1393.6350  -304.2444 -1823.7579   -36.1895     0.0937   -36.2833
 163.805  -1860.722   -408.222  -2436.779    -48.159      0.125    -48.284
       -1369.0359  -300.3511 -1792.8723   -35.4331     0.0919   -35.5250
 164.396  -1855.903   -406.512  -2439.623    -47.918      0.123    -48.041
       -1371.7568  -300.4658 -1803.2030   -35.4179     0.0910   -35.5089
 164.987  -1852.123   -405.789  -2438.521    -48.070      0.121    -48.191
       -1388.4806  -304.2078 -1828.0854   -36.0365     0.0907   -36.1272
 165.577  -1856.072   -411.734  -2441.306    -48.285      0.123    -48.408
       -1365.1813  -302.8394 -1795.6334   -35.5150     0.0904   -35.6054
 166.168  -1854.762   -415.346  -2432.441    -47.978      0.122    -48.100
       -1365.6553  -305.8181 -1790.9978   -35.3259     0.0899   -35.4158
 166.758  -1860.617   -416.513  -2432.577    -47.787      0.121    -47.907
       -1379.7396  -308.8651 -1803.8763   -35.4363     0.0894   -35.5257
 167.349  -1861.133   -417.144  -2432.096    -47.794      0.120    -47.915
       -1386.9062  -310.8533 -1812.3849   -35.6162     0.0895   -35.7057
 167.939  -1856.563   -412.663  -2450.729    -47.371      0.119    -47.490
       -1359.0609  -302.0820 -1794.0088   -34.6767     0.0874   -34.7640
 168.530  -1855.281   -414.626  -2437.567    -47.565      0.117    -47.681
       -1344.0973  -300.3845 -1765.9463   -34.4593     0.0845   -34.5438
 169.120  -1859.176   -419.352  -2441.298    -47.773      0.118    -47.892
       -1346.9568  -303.8170 -1768.6992   -34.6113     0.0858   -34.6970
 169.711  -1860.760   -425.191  -2439.466    -47.495      0.119    -47.613
       -1357.3262  -310.1541 -1779.4614   -34.6450     0.0866   -34.7315
 170.301  -1862.896   -425.541  -2430.071    -47.186      0.116    -47.303
       -1391.7885  -317.9257 -1815.5304   -35.2535     0.0869   -35.3404
 170.892  -1863.157   -421.844  -2438.728    -47.096      0.115    -47.211
       -1400.7332  -317.1453 -1833.4512   -35.4071     0.0864   -35.4935
 171.482  -1861.220   -423.942  -2436.429    -47.393      0.114    -47.507
       -1374.7278  -313.1306 -1799.5862   -35.0052     0.0845   -35.0896
 172.073  -1862.259   -425.053  -2437.067    -47.351      0.115    -47.466
       -1373.4573  -313.4862 -1797.3915   -34.9221     0.0849   -35.0071
 172.663  -1870.152   -436.147  -2420.044    -47.451      0.116    -47.567
       -1349.0718  -314.6238 -1745.7473   -34.2301     0.0835   -34.3135
 173.254  -1875.587   -441.577  -2422.725    -46.918      0.115    -47.032
       -1312.1885  -308.9334 -1694.9740   -32.8243     0.0803   -32.9046
 173.844  -1866.517   -438.154  -2439.370    -46.371      0.111    -46.482
       -1312.8861  -308.1923 -1715.8236   -32.6168     0.0783   -32.6951
 174.435  -1860.700   -434.179  -2441.644    -46.400      0.109    -46.508
       -1324.5403  -309.0706 -1738.0857   -33.0296     0.0775   -33.1071
 175.025  -1863.190   -440.142  -2433.130    -46.981      0.111    -47.092
       -1333.4298  -314.9967 -1741.3185   -33.6229     0.0792   -33.7021
 175.616  -1861.650   -437.369  -2439.392    -46.483      0.111    -46.594
       -1329.5601  -312.3621 -1742.1740   -33.1970     0.0795   -33.2765
 176.206  -1869.361   -440.385  -2432.376    -46.565      0.110    -46.675
       -1353.2666  -318.8036 -1760.8440   -33.7090     0.0798   -33.7888
 176.797  -1868.931   -435.948  -2439.270    -46.469      0.110    -46.579
       -1365.7009  -318.5640 -1782.4701   -33.9567     0.0803   -34.0370
 177.387  -1864.862   -432.827  -2446.034    -46.458      0.109    -46.567
       -1361.4449  -315.9860 -1785.7300   -33.9170     0.0796   -33.9965
 177.978  -1866.467   -445.457  -2421.447    -47.089      0.110    -47.200
       -1333.5458  -318.2682 -1730.0651   -33.6443     0.0787   -33.7230
 178.568  -1873.405   -447.483  -2424.644    -46.486      0.111    -46.596
       -1301.7267  -310.9314 -1684.7531   -32.3004     0.0770   -32.3774
 179.159  -1875.949   -448.171  -2424.826    -46.101      0.108    -46.209
       -1325.8318  -316.7462 -1713.7523   -32.5821     0.0765   -32.6586
 179.749  -1873.447   -442.942  -2433.234    -46.044      0.107    -46.150
       -1351.6699  -319.5776 -1755.5502   -33.2199     0.0770   -33.2970
 180.340  -1874.597   -450.239  -2421.081    -46.686      0.108    -46.793
       -1350.4670  -324.3539 -1744.1561   -33.6324     0.0778   -33.7102
 180.930  -1874.988   -450.869  -2425.986    -46.391      0.109    -46.500
       -1338.1971  -321.7898 -1731.4496   -33.1097     0.0780   -33.1876
 181.521  -1877.535   -450.576  -2426.961    -46.080      0.108    -46.188
       -1358.0135  -325.9000 -1755.4108   -33.3293     0.0780   -33.4074
 182.111  -1875.858   -454.006  -2425.433    -46.331      0.107    -46.439
       -1381.3444  -334.3210 -1786.0397   -34.1174     0.0791   -34.1965
 182.702  -1869.265   -449.459  -2435.590    -46.033      0.107    -46.140
       -1375.4082  -330.7128 -1792.1111   -33.8710     0.0789   -33.9499
 183.292  -1871.763   -451.362  -2431.933    -45.946      0.106    -46.052
       -1333.5640  -321.5789 -1732.6649   -32.7349     0.0756   -32.8105
 183.883  -1876.458   -449.861  -2424.685    -46.089      0.106    -46.195
       -1355.7811  -325.0341 -1751.8873   -33.3000     0.0766   -33.3767
 184.474  -1881.635   -459.379  -2420.894    -46.241      0.109    -46.349
       -1344.5044  -328.2446 -1729.8264   -33.0407     0.0776   -33.1184
 185.064  -1878.529   -459.359  -2425.063    -45.800      0.107    -45.907
       -1334.9191  -326.4296 -1723.2972   -32.5466     0.0759   -32.6226
 185.655  -1871.401   -455.058  -2435.082    -45.635      0.105    -45.739
       -1327.6945  -322.8481 -1727.6069   -32.3762     0.0742   -32.4504
 186.245  -1868.752   -452.422  -2433.865    -45.835      0.104    -45.939
       -1312.5011  -317.7548 -1709.4032   -32.1921     0.0728   -32.2649
 186.836  -1873.632   -456.331  -2421.632    -46.161      0.105    -46.266
       -1308.1355  -318.6021 -1690.7385   -32.2288     0.0735   -32.3023
 187.426  -1881.132   -455.717  -2426.116    -45.961      0.106    -46.067
       -1332.9580  -322.9185 -1719.1302   -32.5676     0.0753   -32.6429
 188.017  -1879.729   -463.152  -2414.299    -46.129      0.106    -46.236
       -1358.4462  -334.7116 -1744.7700   -33.3369     0.0768   -33.4137
