
  time  !v grad p/2!v dot jxb !res mal j2!d/dt ekin ! d/dt eb  ! d/dt eth 
 -------!----------!----------!----------!----------!----------!----------
   0.000     10.641     10.702      0.000      0.060    -10.702     10.641
   1.000    442.971      6.140      0.037   -436.831     -6.177    443.007
   2.000    498.935      2.823      0.093   -496.111     -2.917    499.028
   3.000    500.091      2.288      0.121   -497.803     -2.409    500.212
   4.000    497.934      2.234      0.143   -495.699     -2.377    498.076
   5.000    492.914      2.184      0.163   -490.729     -2.347    493.077
   6.000    483.927      2.103      0.178   -481.824     -2.281    484.105
   7.000    475.120      2.205      0.195   -472.915     -2.401    475.315
   8.000    470.734      2.095      0.213   -468.639     -2.308    470.948
   9.000    470.453      1.894      0.230   -468.559     -2.124    470.683
  10.000    472.184      1.696      0.248   -470.488     -1.944    472.432
  11.000    475.388      1.249      0.266   -474.139     -1.516    475.654
  12.000    474.809      1.109      0.285   -473.700     -1.394    475.093
  13.000    475.013      0.750      0.306   -474.263     -1.056    475.319
  14.000    476.066      0.345      0.326   -475.720     -0.671    476.392
  15.000    476.116      0.060      0.348   -476.056     -0.408    476.465
  16.000    477.832     -0.398      0.374   -478.230      0.025    478.205
  17.000    473.885     -0.529      0.397   -474.414      0.132    474.282
  18.000    475.245     -0.841      0.422   -476.086      0.419    475.667
  19.000    474.100     -1.110      0.448   -475.210      0.662    474.548
  20.000    472.453     -1.322      0.474   -473.775      0.848    472.927
  21.000    471.054     -1.581      0.502   -472.636      1.079    471.557
  22.000    468.639     -1.619      0.530   -470.258      1.089    469.169
  23.000    471.113     -1.828      0.558   -472.941      1.270    471.672
  24.000    471.814     -2.027      0.586   -473.841      1.441    472.401
  25.000    471.357     -2.141      0.614   -473.498      1.527    471.971
  26.000    469.666     -2.429      0.644   -472.096      1.786    470.310
  27.000    469.621     -2.451      0.669   -472.072      1.781    470.290
  28.000    468.824     -2.649      0.697   -471.473      1.952    469.521
  29.000    468.945     -2.879      0.721   -471.824      2.158    469.666
  30.000    468.504     -2.997      0.744   -471.502      2.254    469.248
  31.000    467.884     -3.256      0.768   -471.139      2.488    468.652
  32.000    467.208     -3.284      0.787   -470.492      2.497    467.995
  33.000    466.827     -3.413      0.807   -470.240      2.606    467.634
  34.000    467.202     -3.574      0.824   -470.776      2.750    468.026
  35.000    466.228     -3.677      0.838   -469.905      2.838    467.067
  36.000    467.065     -3.851      0.855   -470.916      2.996    467.920
  37.000    464.819     -3.879      0.867   -468.698      3.011    465.687
  38.000    465.471     -4.057      0.881   -469.528      3.176    466.352
  39.000    463.899     -4.180      0.892   -468.079      3.289    464.790
  40.000    464.750     -4.300      0.902   -469.050      3.399    465.652
  41.000    464.927     -4.490      0.916   -469.418      3.575    465.843
  42.000    463.077     -4.525      0.923   -467.602      3.601    464.000
  43.000    463.851     -4.704      0.932   -468.555      3.771    464.784
  44.000    462.937     -4.846      0.941   -467.783      3.905    463.878
  45.000    463.636     -4.984      0.949   -468.620      4.035    464.585
  46.000    465.193     -5.209      0.961   -470.402      4.248    466.154
  47.000    462.734     -5.194      0.968   -467.928      4.225    463.702
  48.000    463.836     -5.398      0.978   -469.234      4.420    464.814
  49.000    463.292     -5.555      0.987   -468.847      4.567    464.279
  50.000    465.291     -5.663      0.997   -470.954      4.666    466.288
  51.000    455.827     -5.581      1.009   -461.407      4.572    456.835
  51.999    399.443     -4.236      1.014   -403.679      3.222    400.457
  52.999    382.320     -0.736      1.014   -383.056     -0.277    383.334
  53.999    305.003      3.662      1.007   -301.342     -4.669    306.010
  54.999     35.579      7.769      0.995    -27.810     -8.764     36.574
  55.999    -20.158      9.229      0.990     29.386    -10.219    -19.167
  56.999   -131.809      8.848      0.988    140.656     -9.835   -130.821
  57.999    -70.339      8.279      0.989     78.618     -9.267    -69.350
  58.999    -81.709      8.042      0.993     89.751     -9.035    -80.716
  59.999   -151.662      7.640      0.997    159.302     -8.637   -150.665
  60.999   -168.318      7.439      1.004    175.757     -8.443   -167.314
  61.999   -170.591      6.949      1.009    177.539     -7.958   -169.581
  62.999   -185.525      6.616      1.018    192.142     -7.634   -184.508
  63.999   -207.553      6.342      1.025    213.896     -7.368   -206.528
  64.999   -221.652      6.120      1.033    227.773     -7.153   -220.619
  65.999   -229.191      5.937      1.042    235.128     -6.979   -228.149
  66.999   -243.078      5.682      1.049    248.760     -6.731   -242.029
  68.000   -256.664      5.458      1.056    262.122     -6.514   -255.608
  69.000   -266.781      5.261      1.063    272.042     -6.324   -265.718
  70.000   -275.994      5.033      1.070    281.027     -6.103   -274.924
  71.000   -286.025      4.841      1.079    290.866     -5.920   -284.946
  72.000   -295.162      4.596      1.088    299.758     -5.684   -294.074
  73.000   -302.911      4.355      1.098    307.266     -5.453   -301.813
  74.000   -311.270      4.139      1.111    315.409     -5.250   -310.159
  75.000   -318.781      3.871      1.127    322.652     -4.998   -317.654
  76.000   -325.923      3.603      1.152    329.526     -4.754   -324.771
  77.000   -334.441      3.250      1.188    337.692     -4.438   -333.254
  78.000   -343.635      2.686      1.252    346.321     -3.938   -342.383
  79.000   -355.101      1.689      1.380    356.790     -3.069   -353.720
  80.000   -371.089     -0.008      1.653    371.081     -1.645   -369.436
  81.000   -383.638     -2.110      2.229    381.528     -0.119   -381.408
  82.000   -384.087     -3.898      2.953    380.189      0.945   -381.134
  83.000   -375.334     -5.443      3.682    369.891      1.761   -371.652
  84.001   -369.980     -6.880      4.286    363.100      2.594   -365.694
  85.001   -363.477     -7.492      4.784    355.984      2.709   -358.693
  86.001   -360.010     -7.278      5.249    352.733      2.029   -354.762
  87.001   -360.622     -7.587      5.468    353.035      2.119   -355.154
  88.001   -363.207     -7.298      5.627    355.910      1.671   -357.580
  89.001   -362.872     -7.231      5.828    355.641      1.403   -357.044
  90.001   -358.262     -6.775      6.084    351.487      0.691   -352.178
  91.001   -359.264     -6.556      6.201    352.709      0.355   -353.063
  92.001   -355.169     -6.209      6.148    348.961      0.060   -349.021
  93.001   -359.903     -5.540      6.144    354.363     -0.604   -353.759
  94.001   -363.278     -4.760      6.189    358.518     -1.429   -357.089
  95.001   -365.651     -3.655      6.226    361.996     -2.571   -359.425
  96.001   -366.803     -2.738      6.298    364.065     -3.561   -360.504
  97.001   -365.397     -1.489      6.123    363.908     -4.634   -359.274
  98.001   -365.952     -0.372      5.957    365.579     -5.585   -359.994
  99.001   -367.186      0.943      5.817    368.130     -6.760   -361.369
 100.002   -369.807      1.807      5.733    371.615     -7.540   -364.075
 101.002   -372.075      2.300      5.670    374.375     -7.970   -366.405
 102.002   -370.648      2.589      5.593    373.238     -8.182   -365.055
 103.002   -373.081      2.860      5.419    375.941     -8.278   -367.662
 104.002   -373.644      3.524      5.272    377.168     -8.796   -368.372
 105.002   -377.289      3.980      5.122    381.269     -9.102   -372.167
 106.002   -378.436      4.634      4.990    383.070     -9.624   -373.447
 107.002   -376.495      5.591      4.832    382.086    -10.423   -371.663
 108.002   -379.138      5.976      4.662    385.114    -10.638   -374.475
 109.002   -376.537      6.380      4.474    382.917    -10.854   -372.063
 110.002   -374.709      6.884      4.273    381.592    -11.157   -370.436
 111.002   -376.499      6.998      4.144    383.496    -11.142   -372.355
 112.002   -375.714      6.816      4.050    382.529    -10.865   -371.664
 113.002   -379.112      6.525      3.993    385.637    -10.517   -375.119
 114.002   -374.153      6.357      3.959    380.510    -10.316   -370.194
 115.002   -371.195      6.586      3.935    377.781    -10.521   -367.259
 116.002   -372.564      6.517      3.945    379.081    -10.462   -368.619
 117.003   -376.099      6.859      3.877    382.957    -10.736   -372.222
 118.003   -384.265      7.152      3.826    391.417    -10.978   -380.439
 119.003   -386.697      6.938      3.787    393.635    -10.725   -382.910
 120.003   -386.715      6.888      3.771    393.603    -10.658   -382.945
 121.003   -390.852      6.833      3.786    397.684    -10.619   -387.065
 122.003   -395.307      6.661      3.734    401.968    -10.396   -391.572
 123.003   -404.827      6.107      3.732    410.934     -9.839   -401.095
 124.003   -413.171      5.146      3.720    418.317     -8.866   -409.451
 125.003   -423.046      4.289      3.699    427.335     -7.988   -419.347
 126.003   -428.145      3.364      3.669    431.509     -7.033   -424.476
 127.003   -438.078      2.748      3.608    440.825     -6.356   -434.469
 128.003   -450.409      1.689      3.597    452.098     -5.286   -446.812
 129.003   -456.735      0.656      3.609    457.390     -4.265   -453.125
 130.003   -464.233      0.718      3.571    464.951     -4.289   -460.662
 131.003   -463.899      0.543      3.599    464.441     -4.141   -460.300
 132.003   -465.303      1.292      3.566    466.595     -4.858   -461.738
 133.004   -465.310      1.959      3.546    467.269     -5.505   -461.764
 134.004   -468.458      2.660      3.524    471.119     -6.184   -464.935
 135.004   -468.913      2.449      3.483    471.363     -5.932   -465.430
 136.004   -469.246      2.070      3.520    471.316     -5.590   -465.726
 137.004   -469.385      1.771      3.496    471.156     -5.267   -465.889
 138.004   -473.185      1.295      3.490    474.480     -4.785   -469.695
 139.004   -480.217      1.592      3.494    481.809     -5.086   -476.723
 140.004   -484.373      1.306      3.486    485.679     -4.792   -480.888
 141.004   -405.300      7.816      3.406    413.116    -11.221   -401.895
 142.004   -399.358     12.651      3.188    412.009    -15.839   -396.170
 143.004   -384.838     12.592      3.000    397.430    -15.592   -381.838
 144.004   -371.687     12.100      2.846    383.786    -14.945   -368.841
 145.004   -364.878     11.685      2.716    376.563    -14.401   -362.162
 146.004   -360.510     11.217      2.616    371.727    -13.833   -357.894
 147.004   -355.334     11.270      2.530    366.604    -13.800   -352.804
 148.004   -352.951     11.423      2.460    364.374    -13.883   -350.491
 149.004   -351.237     11.689      2.401    362.926    -14.090   -348.836
 150.005   -350.089     11.915      2.353    362.004    -14.268   -347.736
 151.005   -350.012     11.814      2.313    361.827    -14.127   -347.699
 152.005   -350.276     11.768      2.278    362.044    -14.046   -347.998
 153.005   -352.663     11.521      2.246    364.184    -13.767   -350.417
 154.005   -354.508     11.231      2.217    365.740    -13.449   -352.291
 155.005   -356.004     11.058      2.192    367.062    -13.249   -353.812
 156.005   -357.085     10.873      2.171    367.958    -13.044   -354.914
 157.005   -356.809     10.989      2.153    367.797    -13.141   -354.656
 158.005   -357.266     11.090      2.137    368.356    -13.227   -355.130
 159.005   -356.518     11.169      2.123    367.686    -13.291   -354.395
 160.005   -355.565     11.236      2.111    366.802    -13.347   -353.455
 161.005   -355.369     11.033      2.101    366.402    -13.134   -353.268
 162.005   -354.596     10.850      2.091    365.446    -12.941   -352.505
 163.005   -354.821     10.556      2.081    365.377    -12.638   -352.740
 164.005   -353.961     10.320      2.073    364.281    -12.393   -351.888
 165.005   -352.566     10.234      2.066    362.800    -12.300   -350.500
 166.006   -350.843     10.166      2.059    361.009    -12.226   -348.784
 167.006   -347.921     10.396      2.053    358.318    -12.450   -345.868
 168.006   -345.848     10.514      2.048    356.362    -12.562   -343.799
 169.006   -343.062     10.485      2.045    353.547    -12.531   -341.016
 170.006   -340.566     10.389      2.042    350.955    -12.431   -338.524
 171.006   -338.455     10.055      2.039    348.510    -12.094   -336.417
 172.006   -335.412      9.777      2.036    345.189    -11.813   -333.376
 173.006   -333.237      9.389      2.035    342.626    -11.425   -331.202
 174.006   -330.090      9.016      2.037    339.106    -11.053   -328.053
 175.006   -326.831      8.891      2.041    335.722    -10.932   -324.790
 176.006   -323.522      8.892      2.045    332.414    -10.936   -321.478
 177.006   -319.377      8.851      2.048    328.228    -10.899   -317.329
 178.006   -316.583      8.708      2.054    325.291    -10.763   -314.528
 179.006   -313.614      8.364      2.065    321.978    -10.429   -311.549
 180.006   -311.231      8.356      2.076    319.587    -10.432   -309.155
 181.006   -309.171      7.983      2.085    317.153    -10.068   -307.085
 182.007   -303.964      8.291      2.206    312.255    -10.497   -301.757
 183.007   -304.375      8.263      2.224    312.638    -10.487   -302.151
 184.007   -298.638      8.351      2.253    306.988    -10.604   -296.385
 185.007   -299.684      8.324      2.184    308.008    -10.508   -297.500
 186.007   -287.813      8.698      2.168    296.511    -10.865   -285.645
 187.007   -295.805      8.907      2.139    304.712    -11.047   -293.666
 188.007   -296.901      7.972      2.209    304.873    -10.181   -294.691
 189.007   -296.844      8.133      2.225    304.977    -10.358   -294.620
 190.007   -294.624      8.309      2.304    302.933    -10.612   -292.321
 191.007   -299.759      8.255      2.317    308.014    -10.572   -297.443
 192.007   -303.622      8.614      2.353    312.236    -10.967   -301.268
 193.007   -309.410      8.134      2.491    317.544    -10.625   -306.920
 194.007   -312.557      8.411      2.653    320.968    -11.064   -309.905
 195.007   -315.294      8.096      2.741    323.391    -10.837   -312.553
 196.007   -316.234      8.027      2.783    324.260    -10.809   -313.451
 197.007   -312.113      7.534      2.895    319.647    -10.429   -309.218
 198.007   -318.627      7.921      3.016    326.548    -10.937   -315.612
 199.008   -322.382      7.385      3.237    329.767    -10.622   -319.145
 200.008   -319.089      7.672      3.427    326.760    -11.099   -315.661
 201.008   -320.487      7.632      3.720    328.119    -11.352   -316.767
 202.008   -316.811      7.340      3.840    324.150    -11.179   -312.971
 203.008   -321.796      7.069      4.139    328.865    -11.208   -317.657
 204.008   -316.935      7.329      4.458    324.264    -11.787   -312.477
 205.008   -324.363      8.194      4.441    332.557    -12.635   -319.922
 206.008   -318.847      6.970      4.659    325.816    -11.628   -314.188
 207.008   -313.688      7.245      4.846    320.933    -12.091   -308.842
 208.008   -324.146      7.605      4.845    331.751    -12.450   -319.301
 209.008   -311.006      7.891      5.238    318.897    -13.130   -305.768
 210.008   -311.253      7.821      5.423    319.073    -13.244   -305.829
 211.008   -306.601      7.562      5.590    314.162    -13.152   -301.011
 212.008   -300.718      7.720      5.637    308.438    -13.356   -295.082
 213.008   -301.497      7.532      5.659    309.030    -13.191   -295.838
 214.008   -294.269      8.164      5.667    302.432    -13.831   -288.602
 215.009   -289.629      8.160      5.973    297.788    -14.133   -283.656
 216.009   -287.091      8.004      5.829    295.095    -13.833   -281.262
 217.009   -277.638      7.929      6.210    285.568    -14.139   -271.428
 218.009   -273.421      8.304      6.168    281.725    -14.471   -267.254
 219.009   -265.747      8.728      5.984    274.476    -14.712   -259.763
 220.009   -264.380      8.880      5.860    273.261    -14.740   -258.520
 221.009   -265.921      8.079      6.374    274.000    -14.453   -259.547
 222.009   -259.419      8.097      6.372    267.516    -14.469   -253.047
 223.009   -254.594      7.472      6.243    262.066    -13.715   -248.351
 224.009   -255.824      7.395      5.960    263.219    -13.355   -249.864
 225.009   -253.989      7.583      6.021    261.572    -13.604   -247.968
 226.009   -253.977      6.755      5.819    260.732    -12.574   -248.158
 227.009   -250.406      7.467      5.744    257.873    -13.211   -244.662
 228.009   -250.113      6.484      5.676    256.597    -12.160   -244.437
 229.009   -254.761      6.072      5.889    260.832    -11.961   -248.872
 230.009   -243.786      6.112      5.854    249.898    -11.966   -237.932
 231.009   -239.748      4.900      5.708    244.647    -10.607   -234.040
 232.010   -236.233      6.054      5.362    242.287    -11.416   -230.871
 233.010   -240.404      5.493      4.885    245.897    -10.378   -235.519
 234.010   -237.274      5.160      4.818    242.434     -9.977   -232.457
 235.010   -236.013      5.317      4.748    241.330    -10.065   -231.265
 236.010   -230.800      4.693      5.170    235.493     -9.863   -225.630
 237.010   -228.878      4.629      5.306    233.507     -9.935   -223.572
 238.010   -233.573      4.315      5.331    237.888     -9.646   -228.242
 239.010   -231.218      3.904      5.287    235.122     -9.191   -225.931
 240.010   -228.948      3.374      5.330    232.322     -8.704   -223.618
 241.010   -222.779      3.205      5.492    225.985     -8.697   -217.287
 242.010   -217.813      3.722      5.276    221.535     -8.998   -212.537
 243.010   -222.953      3.271      5.207    226.224     -8.477   -217.747
 244.010   -216.931      2.488      5.870    219.418     -8.357   -211.061
 245.010   -226.709      1.780      6.115    228.489     -7.895   -220.595
 246.010   -213.086      1.110      6.748    214.196     -7.858   -206.338
 247.010   -210.815      0.272      7.277    211.087     -7.548   -203.538
 248.011   -205.154     -0.074      7.724    205.079     -7.650   -197.430
 249.011   -201.084     -0.663      7.808    200.421     -7.146   -193.276
 250.011   -198.100     -1.279      8.066    196.821     -6.787   -190.034
