
 time =    10.00
    y   !  pmax  !   xp   !   zp   !  rho  !   bx   !   by   !   bz   !
 --------!  bxmax !  xbmax !  zbmax !------!   vx   !   vy   !   vz   !
 ---------!  bxmin !  xbmin !  zbmin !!!  difb  !  difx  !  difz  !
 -----------------------------------------------------------------------
 -20.000    3.243   23.716   13.207   1.966    0.000    0.000    0.000
             0.000    0.000    0.000           0.710    0.000   -0.000
              0.000    0.000    0.000      0.000    0.000    0.000
 -11.192    3.243   23.716  -17.611   1.966   -0.000    0.000    0.000
             0.002   16.026   -1.125           0.710    0.000    0.000
             -0.003   12.591   -0.569      0.005    3.435   -0.556
  -6.452    3.437    9.381    1.672   2.475   -0.010    0.204    0.208
             0.021   15.793    1.936           0.277   -0.082    0.032
             -0.134   14.937   -0.934      0.155    0.856    2.870
  -4.249    3.853    9.203    2.989   2.644   -0.000    0.222    0.223
             0.106   14.380    2.395           0.245   -0.105    0.106
             -0.258   14.014   -1.983      0.364    0.366    4.378
  -2.379    3.932    9.027    2.626   2.657    0.008    0.224    0.222
             0.162   13.943    2.805           0.257   -0.071    0.124
             -0.258   13.564   -2.453      0.420    0.378    5.259
  -1.052    4.030   21.938    0.121   2.236   -0.000    0.000    0.000
             0.192   13.659    2.731           0.707    0.192   -0.007
             -0.234   13.778   -2.848      0.427   -0.119    5.578
  -0.200    3.937   21.763    0.000   2.240   -0.000    0.000    0.000
             0.212   13.239    2.465           0.681    0.054    0.000
             -0.219   13.214   -2.463      0.430    0.025    4.928
   0.605    3.846    9.014   -3.217   2.646   -0.019    0.223    0.220
             0.226   13.243    2.446           0.252    0.018   -0.149
             -0.200   13.671   -2.753      0.426   -0.428    5.199
   1.623    3.905    9.219    4.193   2.669    0.031    0.221    0.216
             0.247   13.382    2.468           0.244    0.040    0.161
             -0.180   13.738   -2.812      0.427   -0.356    5.280
   3.287    3.869    9.021   -1.876   2.651    0.001    0.223    0.223
             0.263   13.947    2.435           0.249    0.099   -0.093
             -0.137   14.278   -2.722      0.400   -0.330    5.157
   5.239    3.799    9.206   -1.447   2.628    0.012    0.218    0.222
             0.234   14.415    1.609           0.250    0.127   -0.049
             -0.065   14.925   -2.125      0.299   -0.510    3.735
   8.300    3.243   23.716   17.611   1.966    0.000    0.000    0.000
             0.018   13.441    0.791           0.710   -0.000   -0.000
             -0.009   16.003    3.165      0.027   -2.561   -2.374
  15.221    3.243   23.716   17.611   1.966    0.000    0.000    0.000
             0.000    0.000    0.000           0.710    0.000   -0.000
              0.000    0.000    0.000      0.000    0.000    0.000

 time =    20.00
    y   !  pmax  !   xp   !   zp   !  rho  !   bx   !   by   !   bz   !
 --------!  bxmax !  xbmax !  zbmax !------!   vx   !   vy   !   vz   !
 ---------!  bxmin !  xbmin !  zbmin !!!  difb  !  difx  !  difz  !
 -----------------------------------------------------------------------
 -20.000    3.065   37.036   15.320   1.929    0.000    0.000    0.000
             0.002   10.130   -0.363           0.686    0.000   -0.000
             -0.002    8.223    0.411      0.004    1.907   -0.774
 -11.192    3.214    7.205   -3.916   2.381   -0.014    0.195    0.198
             0.017   20.441   -3.790           0.333   -0.066   -0.026
             -0.014    7.199   -4.035      0.031   13.243    0.245
  -6.452    3.420    7.021    8.268   2.466    0.006    0.206    0.206
             0.084   18.278    1.338           0.338   -0.060    0.094
             -0.358   17.154   -0.990      0.442    1.124    2.328
  -4.249    3.485   36.448    0.410   2.077    0.000    0.000    0.000
             0.315   15.500    2.719           0.771   -0.020   -0.000
             -0.520   16.156   -2.818      0.836   -0.656    5.537
  -2.379    3.645   36.446    3.992   2.128   -0.000    0.000    0.000
             0.365   15.024    3.204           0.807   -0.006    0.044
             -0.487   15.588   -3.327      0.852   -0.565    6.531
  -1.052    3.622   36.364    4.154   2.130   -0.000    0.000    0.000
             0.403   14.081    2.898           0.802    0.006    0.047
             -0.466   14.992   -3.363      0.869   -0.911    6.261
  -0.200    3.632   36.364   -4.166   2.134    0.000    0.000    0.000
             0.435   13.976    2.919           0.804    0.000   -0.049
             -0.437   14.846   -3.359      0.872   -0.870    6.278
   0.605    3.625   36.365    4.171   2.132   -0.000    0.000    0.000
             0.453   14.934    3.396           0.801   -0.002    0.048
             -0.419   14.006   -2.906      0.873    0.928    6.302
   1.623    3.623   36.363    4.121   2.129   -0.000    0.000    0.000
             0.481   15.192    3.354           0.797    0.005    0.045
             -0.380   14.266   -2.962      0.861    0.927    6.316
   3.287    3.615   36.384    3.431   2.132   -0.000    0.000    0.000
             0.518   14.859    2.797           0.804    0.020    0.020
             -0.349   15.610   -3.238      0.867   -0.751    6.036
   5.239    3.437    6.982    8.533   2.458    0.023    0.202    0.202
             0.544   15.852    2.014           0.325    0.050    0.100
             -0.284   16.190   -2.128      0.828   -0.338    4.142
   8.300    3.603    7.037   -6.951   2.501    0.000    0.210    0.209
             0.065   16.432    0.997           0.323    0.088   -0.085
             -0.032   20.647    4.574      0.097   -4.215   -3.578
  15.221    3.064   37.036  -15.347   1.929   -0.000    0.000    0.000
             0.006   10.526   -0.588           0.686   -0.000    0.000
             -0.007   20.341    1.559      0.013   -9.815   -2.147

 time =    30.00
    y   !  pmax  !   xp   !   zp   !  rho  !   bx   !   by   !   bz   !
 --------!  bxmax !  xbmax !  zbmax !------!   vx   !   vy   !   vz   !
 ---------!  bxmin !  xbmin !  zbmin !!!  difb  !  difx  !  difz  !
 -----------------------------------------------------------------------
 -20.000    3.359   34.570   -2.570   2.041    0.000    0.000    0.000
             0.002   22.940   -1.940           0.325    0.016    0.001
             -0.002   25.812    1.034      0.005   -2.872   -2.974
 -11.192    3.376   34.513   15.143   2.030    0.000    0.000    0.000
             0.016   23.544   -6.381           0.338    0.007   -0.005
             -0.020   14.471   -1.292      0.036    9.073   -5.089
  -6.452    3.366   34.585    0.606   2.046   -0.000    0.000    0.000
             0.135   17.596    1.762           0.274   -0.019   -0.002
             -0.456   17.171   -1.167      0.591    0.425    2.929
  -4.249    3.527   34.544   -0.613   2.093   -0.000    0.000    0.000
             0.482   15.282    2.405           0.318   -0.013   -0.002
             -0.696   15.343   -2.461      1.177   -0.061    4.866
  -2.379    3.933   34.355   -0.010   2.242   -0.000    0.000    0.000
             0.527   14.562    2.813           0.243    0.006   -0.005
             -0.665   14.579   -2.890      1.192   -0.016    5.703
  -1.052    4.184   34.237    0.149   2.324   -0.000    0.000    0.000
             0.591   15.146    3.349           0.178    0.008   -0.010
             -0.641   14.156   -2.887      1.232    0.990    6.236
  -0.200    4.402   34.218    0.016   2.402   -0.000    0.000    0.000
             0.615   14.934    3.318           0.163    0.005   -0.006
             -0.631   15.018   -3.318      1.246   -0.084    6.636
   0.605    4.292   34.235    0.075   2.360    0.000    0.000    0.000
             0.626   14.088    2.794           0.175   -0.003   -0.009
             -0.614   15.062   -3.302      1.240   -0.974    6.096
   1.623    4.012   34.338   -0.006   2.265    0.000    0.000    0.000
             0.652   14.268    2.826           0.244   -0.014   -0.007
             -0.563   14.339   -2.869      1.215   -0.071    5.695
   3.287    3.591   34.277   -1.318   2.112    0.000    0.000    0.000
             0.666   16.153    3.226           0.184    0.017    0.007
             -0.514   15.793   -2.936      1.180    0.360    6.162
   5.239    3.412   34.558   -1.080   2.058    0.000    0.000    0.000
             0.678   16.260    1.916           0.279    0.014   -0.010
             -0.465   17.976   -2.380      1.143   -1.716    4.296
   8.300    3.358   34.546   15.529   2.036   -0.000    0.000    0.000
             0.103   18.127    0.860           0.328   -0.008   -0.011
             -0.029   23.798   -1.344      0.131   -5.670    2.203
  15.221    3.345   34.326  -13.244   2.035    0.000    0.000    0.000
             0.009    5.189    7.359           0.314   -0.004    0.003
             -0.008   23.377    0.959      0.017  -18.188    6.400

 time =    40.00
    y   !  pmax  !   xp   !   zp   !  rho  !   bx   !   by   !   bz   !
 --------!  bxmax !  xbmax !  zbmax !------!   vx   !   vy   !   vz   !
 ---------!  bxmin !  xbmin !  zbmin !!!  difb  !  difx  !  difz  !
 -----------------------------------------------------------------------
 -20.000    3.273   27.949  -13.810   2.421    0.000    0.205    0.204
             0.004   29.211   -0.424           0.327    0.002    0.001
             -0.003   30.525    1.622      0.007   -1.313   -2.047
 -11.192    3.217   28.117  -15.297   2.381    0.008    0.201    0.202
             0.019   26.426    0.320           0.350    0.011    0.014
             -0.024   30.178   -3.244      0.043   -3.752    3.564
  -6.452    3.342   28.198   -6.045   2.442   -0.055    0.204    0.188
             0.174   18.378    1.977           0.285   -0.006   -0.027
             -0.523   17.449   -1.294      0.697    0.929    3.271
  -4.249    3.312   27.345    2.587   2.424    0.009    0.138    0.179
             0.719   18.964    2.906           0.286    0.046   -0.038
             -0.745   15.476   -2.362      1.464    3.488    5.268
  -2.379    3.306   27.377    4.303   2.411    0.048    0.187    0.235
             0.693   15.119    2.920           0.273   -0.009   -0.048
             -0.751   14.691   -2.765      1.444    0.428    5.685
  -1.052    3.313   13.173   -0.002   2.145   -0.024    0.176    0.637
             0.721   14.602    2.904           0.021   -0.004    0.000
             -0.747   15.273   -3.240      1.468   -0.672    6.144
  -0.200    3.344   13.112   -0.000   2.168   -0.004    0.161    0.552
             0.736   15.260    3.254           0.019   -0.001    0.000
             -0.744   15.207   -3.258      1.480    0.053    6.512
   0.605    3.335   13.133    0.001   2.162    0.012    0.166    0.578
             0.744   15.196    3.271           0.020    0.002   -0.000
             -0.745   14.555   -2.936      1.489    0.641    6.207
   1.623    3.296   27.846   -5.714   2.400   -0.011    0.195    0.223
             0.740   14.458    2.798           0.303    0.008    0.027
             -0.708   14.755   -2.918      1.448   -0.297    5.716
   3.287    3.356   27.336   -3.480   2.429   -0.034    0.150    0.222
             0.763   15.370    2.891           0.268   -0.020    0.050
             -0.687   16.026   -2.901      1.450   -0.655    5.792
   5.239    3.329   27.762   -3.296   2.421   -0.011    0.175    0.185
             0.718   16.212    1.950           0.302   -0.028    0.023
             -0.575   18.029   -2.280      1.293   -1.817    4.230
   8.300    3.297   28.522    6.652   2.415    0.003    0.211    0.210
             0.173   29.252    2.886           0.329   -0.006   -0.004
             -0.051   26.820   -1.077      0.224    2.433    3.963
  15.221    3.241   27.944   19.195   2.407   -0.004    0.204    0.204
             0.008    3.187   13.285           0.333   -0.002   -0.002
             -0.013   28.322    7.248      0.020  -25.135    6.037

 time =    50.00
    y   !  pmax  !   xp   !   zp   !  rho  !   bx   !   by   !   bz   !
 --------!  bxmax !  xbmax !  zbmax !------!   vx   !   vy   !   vz   !
 ---------!  bxmin !  xbmin !  zbmin !!!  difb  !  difx  !  difz  !
 -----------------------------------------------------------------------
 -20.000    3.250   22.243  -14.001   2.390    0.003    0.193    0.200
             0.011   39.594    1.362           0.337   -0.005   -0.001
             -0.009   38.783    0.819      0.020    0.811    0.543
 -11.192    3.315   22.966    3.300   2.417   -0.001    0.199    0.234
             0.025   30.759   -0.200           0.338   -0.019    0.008
             -0.048   36.391   -4.192      0.074   -5.632    3.992
  -6.452    3.644   22.558    6.650   2.540   -0.006    0.255    0.248
             0.145   18.154    1.959           0.311   -0.054    0.040
             -0.562   17.862   -1.387      0.707    0.292    3.346
  -4.249    3.401   22.627    8.413   2.449   -0.004    0.252    0.212
             0.767   16.634    2.450           0.343   -0.028    0.039
             -0.755   15.490   -2.355      1.521    1.144    4.805
  -2.379    3.319   22.809   10.156   2.408   -0.001    0.242    0.187
             0.762   17.735    3.386           0.347   -0.018    0.030
             -0.770   14.779   -2.814      1.532    2.956    6.200
  -1.052    3.400   13.381    0.000   2.112   -0.024    0.164    0.698
             0.768   14.771    2.894           0.020   -0.004    0.000
             -0.788   15.342   -3.299      1.556   -0.571    6.192
  -0.200    3.439   13.326    0.001   2.143   -0.004    0.149    0.606
             0.786   14.617    2.853           0.018   -0.001    0.000
             -0.788   14.596   -2.871      1.573    0.022    5.724
   0.605    3.428   13.344    0.000   2.134    0.012    0.154    0.635
             0.795   15.218    3.207           0.018    0.002   -0.000
             -0.780   14.684   -2.828      1.575    0.534    6.034
   1.623    3.345   13.454    0.003   2.056    0.044    0.185    0.818
             0.784   15.466    3.243           0.024    0.010   -0.002
             -0.760   14.970   -2.893      1.544    0.495    6.136
   3.287    3.322   22.605   -8.642   2.406    0.004    0.255    0.200
             0.782   15.344    2.922           0.358    0.024   -0.036
             -0.767   16.622   -2.908      1.548   -1.278    5.830
   5.239    3.579   22.576   -7.631   2.497    0.005    0.260    0.232
             0.737   16.825    2.324           0.326    0.040   -0.040
             -0.553   17.291   -1.977      1.290   -0.466    4.301
   8.300    3.543   22.605    8.444   2.533    0.007    0.182    0.176
             0.231   35.548    3.781           0.295    0.031    0.039
             -0.070   30.716   -1.106      0.301    4.831    4.887
  15.221    3.185   22.289  -15.501   2.357   -0.001    0.201    0.201
             0.009   39.798    0.828           0.351   -0.002   -0.002
             -0.013   33.658    0.473      0.023    6.139    0.355

 time =    60.00
    y   !  pmax  !   xp   !   zp   !  rho  !   bx   !   by   !   bz   !
 --------!  bxmax !  xbmax !  zbmax !------!   vx   !   vy   !   vz   !
 ---------!  bxmin !  xbmin !  zbmin !!!  difb  !  difx  !  difz  !
 -----------------------------------------------------------------------
 -20.000    3.098   16.646   16.112   2.325   -0.001    0.200    0.196
             0.118   39.794    2.673           0.367   -0.012    0.005
             -0.114   39.200    2.734      0.231    0.594   -0.061
 -11.192    3.476   17.256    7.985   2.482   -0.002    0.219    0.224
             0.120   38.396   -1.631           0.309   -0.044    0.031
             -0.123   38.997   -4.698      0.242   -0.601    3.067
  -6.452    3.339   17.215   11.329   2.432    0.003    0.226    0.207
             0.121   17.839    2.062           0.329   -0.016    0.043
             -0.600   38.198   -3.309      0.721  -20.359    5.370
  -4.249    3.279   17.260   11.702   2.396    0.003    0.225    0.197
             0.661   17.831    2.769           0.344   -0.010    0.043
             -0.776   16.725   -2.874      1.438    1.106    5.644
  -2.379    3.264   13.838   -0.038   2.001   -0.071    0.180    0.799
             0.786   15.440    2.791           0.026   -0.015    0.004
             -0.793   14.992   -2.835      1.579    0.449    5.626
  -1.052    3.450   13.590   -0.002   2.084   -0.022    0.151    0.712
             0.786   14.899    2.828           0.017   -0.004    0.001
             -0.824   14.747   -2.930      1.609    0.152    5.758
  -0.200    3.494   13.513    0.003   2.117   -0.004    0.137    0.622
             0.808   14.720    2.932           0.015   -0.001    0.000
             -0.820   14.668   -2.809      1.628    0.052    5.742
   0.605    3.481   13.539    0.004   2.107    0.011    0.142    0.650
             0.821   14.677    2.795           0.016    0.002   -0.000
             -0.806   14.781   -2.892      1.627   -0.105    5.687
   1.623    3.390   13.691    0.011   2.032    0.041    0.173    0.829
             0.809   14.820    2.847           0.020    0.009   -0.002
             -0.787   15.094   -2.808      1.596   -0.274    5.655
   3.287    3.272   17.304  -12.106   2.373   -0.003    0.223    0.192
             0.791   15.321    2.821           0.360    0.006   -0.041
             -0.730   17.072   -2.867      1.521   -1.751    5.688
   5.239    3.311   17.247  -11.434   2.416   -0.003    0.226    0.201
             0.746   17.433    2.400           0.336    0.012   -0.043
             -0.399   17.830   -2.300      1.145   -0.397    4.700
   8.300    3.531   17.141  -10.255   2.489   -0.002    0.230    0.220
             0.312   37.000    3.805           0.308    0.035   -0.045
             -0.158   38.592   -1.013      0.470   -1.593    4.819
  15.221    3.210   17.383   -3.145   2.377    0.002    0.198    0.212
             0.129   39.217   -1.283           0.350    0.037    0.000
             -0.187   39.799   -1.081      0.316   -0.583   -0.202

 time =    69.85
    y   !  pmax  !   xp   !   zp   !  rho  !   bx   !   by   !   bz   !
 --------!  bxmax !  xbmax !  zbmax !------!   vx   !   vy   !   vz   !
 ---------!  bxmin !  xbmin !  zbmin !!!  difb  !  difx  !  difz  !
 -----------------------------------------------------------------------
 -20.000    3.181   11.336  -15.955   2.359    0.002    0.193    0.196
             0.068   37.801    1.915           0.402   -0.009   -0.002
             -0.065   32.401    2.037      0.132    5.400   -0.122
 -11.192    3.472   11.636   11.256   2.489    0.000    0.215    0.214
             0.148   39.598   -2.038           0.344   -0.026    0.026
             -0.178   39.594   -5.794      0.327    0.004    3.756
  -6.452    3.298   11.727   14.372   2.406    0.002    0.207    0.202
             0.230   39.805   -1.290           0.381   -0.005    0.030
             -0.674   32.201   -2.399      0.904    7.604    1.110
  -4.249    3.289   11.768   14.696   2.411    0.003    0.207    0.200
             0.691   16.412    1.939           0.379   -0.002    0.032
             -0.831   16.257   -2.283      1.523    0.155    4.222
  -2.379    3.400   13.910   -0.046   2.021   -0.074    0.175    0.824
             0.894   15.678    2.651           0.031   -0.014    0.005
             -0.897   15.589   -2.753      1.790    0.089    5.404
  -1.052    3.646   13.715   -0.049   2.114   -0.022    0.147    0.738
             0.919   15.277    2.764           0.021   -0.004    0.001
             -0.914   15.183   -2.833      1.833    0.093    5.597
  -0.200    3.694   13.639   -0.010   2.075   -0.004    0.168    0.914
             0.914   15.092    2.795           0.022   -0.001    0.000
             -0.921   15.127   -2.874      1.835   -0.036    5.669
   0.605    3.677   13.664    0.008   2.063    0.013    0.173    0.936
             0.917   15.128    2.873           0.022    0.003   -0.001
             -0.913   15.213   -2.828      1.831   -0.085    5.701
   1.623    3.571   13.782    0.035   2.069    0.042    0.169    0.853
             0.910   15.274    2.754           0.025    0.008   -0.002
             -0.895   15.512   -2.806      1.805   -0.237    5.560
   3.287    3.269   11.798  -14.822   2.404   -0.003    0.207    0.199
             0.883   15.357    2.445           0.383    0.001   -0.032
             -0.828   15.921   -2.394      1.711   -0.564    4.838
   5.239    3.296   11.757  -14.318   2.410   -0.002    0.208    0.201
             0.796   33.994    2.333           0.379    0.004   -0.031
             -0.423   17.104   -1.964      1.220   16.890    4.297
   8.300    3.312   11.659  -13.008   2.418   -0.004    0.211    0.205
             0.306   39.599    4.655           0.374    0.010   -0.031
             -0.206   35.601    1.625      0.512    3.998    3.030
  15.221    3.321   11.771   -6.757   2.425    0.002    0.204    0.210
             0.140   38.398    4.548           0.373    0.032   -0.005
             -0.149   37.997    1.304      0.289    0.401    3.244

 time =    78.85
    y   !  pmax  !   xp   !   zp   !  rho  !   bx   !   by   !   bz   !
 --------!  bxmax !  xbmax !  zbmax !------!   vx   !   vy   !   vz   !
 ---------!  bxmin !  xbmin !  zbmin !!!  difb  !  difx  !  difz  !
 -----------------------------------------------------------------------
 -20.000    3.225    7.234    1.081   2.388   -0.001    0.186    0.187
             0.072   25.399    2.021           0.402   -0.014   -0.002
             -0.069   25.603    2.040      0.141   -0.204   -0.019
 -11.192    3.412    6.765   13.776   2.466    0.002    0.192    0.191
             0.126   39.806    4.816           0.369   -0.004    0.010
             -0.145   25.800   -1.061      0.271   14.006    5.877
  -6.452    3.308    6.839   15.831   2.423    0.003    0.188    0.187
             0.375   33.206    0.458           0.390    0.002    0.012
             -0.679   28.601   -2.004      1.054    4.606    2.463
  -4.249    3.246    0.404   -2.690   2.410   -0.004    0.162    0.160
             0.716   16.801    1.440           0.462   -0.001   -0.002
             -0.823   16.374   -1.859      1.539    0.426    3.299
  -2.379    3.506   14.133   -0.093   2.036   -0.085    0.168    0.843
             0.946   15.563    2.363           0.035   -0.015    0.005
             -0.975   15.317   -2.371      1.921    0.246    4.734
  -1.052    3.806   13.828   -0.045   2.084   -0.029    0.174    0.984
             0.998   15.142    2.506           0.026   -0.007    0.002
             -0.987   14.876   -2.425      1.985    0.266    4.930
  -0.200    3.870   13.786   -0.013   2.118   -0.005    0.160    0.916
             0.994   14.811    2.474           0.023   -0.001    0.000
             -0.996   14.809   -2.469      1.990    0.002    4.943
   0.605    3.851   13.799    0.026   2.106    0.014    0.165    0.939
             0.991   14.815    2.451           0.024    0.003   -0.001
             -0.991   14.859   -2.447      1.982   -0.044    4.898
   1.623    3.708   13.894    0.057   2.046    0.052    0.194    1.054
             0.983   15.118    2.488           0.031    0.013   -0.004
             -0.978   15.276   -2.439      1.961   -0.159    4.927
   3.287    3.311    0.403   -2.329   2.436    0.001    0.162    0.164
             0.934   15.835    2.207           0.450    0.014   -0.013
             -0.884   15.975   -2.078      1.817   -0.140    4.285
   5.239    3.289    6.843   16.786   2.412    0.005    0.185    0.185
             0.887   39.787    3.180           0.400   -0.004    0.015
             -0.398   17.017   -1.821      1.285   22.771    5.001
   8.300    3.345    6.818  -15.182   2.443   -0.002    0.189    0.189
             0.350   39.800    3.718           0.380   -0.001   -0.012
             -0.239   29.403   -1.022      0.589   10.397    4.740
  15.221    3.380    6.811  -10.845   2.459    0.002    0.191    0.191
             0.152   38.402    4.214           0.371    0.013   -0.003
             -0.158   30.198   -1.027      0.310    8.205    5.242

 time =    87.85
    y   !  pmax  !   xp   !   zp   !  rho  !   bx   !   by   !   bz   !
 --------!  bxmax !  xbmax !  zbmax !------!   vx   !   vy   !   vz   !
 ---------!  bxmin !  xbmin !  zbmin !!!  difb  !  difx  !  difz  !
 -----------------------------------------------------------------------
 -20.000    3.523    2.016  -16.200   2.521    0.001    0.180    0.180
             0.173   26.808    0.020           0.388   -0.001    0.003
             -0.154   27.400    0.407      0.327   -0.592   -0.387
 -11.192    3.574    2.017   16.724   2.544    0.003    0.181    0.181
             0.160   19.605   -0.878           0.382   -0.000    0.005
             -0.191   19.399   -0.859      0.351    0.206   -0.018
  -6.452    3.566    2.397  -17.658   2.547   -0.005    0.180    0.180
             0.461   29.620    0.415           0.377    0.003   -0.005
             -0.648   23.003   -1.139      1.109    6.618    1.554
  -4.249    3.815    1.206    4.138   2.646   -0.005    0.167    0.185
             0.865   17.002    1.172           0.371   -0.068    0.095
             -1.000   25.204   -1.432      1.866   -8.201    2.605
  -2.379    4.010    2.408    2.853   2.740    0.013    0.173    0.137
             1.007   15.990    2.300           0.403   -0.090    0.098
             -1.024   15.970   -2.339      2.031    0.020    4.638
  -1.052    3.749   14.027   -0.016   2.040   -0.030    0.157    0.982
             1.056   15.221    2.370           0.025   -0.007    0.001
             -1.042   15.221   -2.418      2.098   -0.000    4.789
  -0.200    3.823   13.995   -0.006   2.076   -0.005    0.145    0.916
             1.060   15.197    2.470           0.023   -0.001    0.000
             -1.055   15.192   -2.470      2.115    0.005    4.940
   0.605    3.801   14.006    0.007   2.064    0.015    0.149    0.938
             1.050   15.201    2.464           0.023    0.003   -0.001
             -1.054   15.206   -2.441      2.104   -0.005    4.904
   1.623    3.633   14.059    0.019   2.003    0.055    0.175    1.054
             1.037   15.566    2.447           0.031    0.013   -0.003
             -1.049   15.589   -2.400      2.086   -0.023    4.846
   3.287    4.224    2.034   -3.254   2.785   -0.007    0.183    0.207
             0.970   16.013    1.903           0.447   -0.060    0.093
             -0.916   16.394   -1.856      1.886   -0.381    3.759
   5.239    3.584    2.395  -17.585   2.555   -0.006    0.181    0.180
             0.953   39.810    3.002           0.375   -0.004   -0.007
             -0.539   16.208   -1.441      1.492   23.602    4.443
   8.300    3.558    2.019  -17.042   2.538   -0.004    0.180    0.180
             0.378   39.801    3.690           0.387   -0.001   -0.005
             -0.335   33.015    0.169      0.713    6.786    3.522
  15.221    3.594    2.012  -13.718   2.557    0.000    0.182    0.182
             0.152   37.602    4.158           0.373    0.003   -0.000
             -0.178   25.799   -1.042      0.330   11.803    5.201

 time =    96.19
    y   !  pmax  !   xp   !   zp   !  rho  !   bx   !   by   !   bz   !
 --------!  bxmax !  xbmax !  zbmax !------!   vx   !   vy   !   vz   !
 ---------!  bxmin !  xbmin !  zbmin !!!  difb  !  difx  !  difz  !
 -----------------------------------------------------------------------
 -20.000    3.718   32.408    0.206   2.354   -0.069    0.204    0.135
             0.457   26.994    0.428           0.690    0.011    0.088
             -0.334   26.995    0.039      0.791   -0.001    0.389
 -11.192    3.688    0.405   -0.391   2.613   -0.001    0.172    0.151
             0.208   22.405    0.414           0.407   -0.012   -0.002
             -0.216   28.777   -0.446      0.424   -6.372    0.861
  -6.452    4.131    0.799   -2.420   2.788   -0.050    0.205    0.049
             0.552   33.192   -0.220           0.291    0.022   -0.041
             -0.718   20.604   -0.659      1.270   12.587    0.439
  -4.249    4.179    0.817   -2.352   2.770   -0.079    0.282    0.163
             0.845   16.597    1.243           0.387   -0.005   -0.074
             -1.019   22.795   -1.139      1.864   -6.197    2.382
  -2.379    4.835    0.417    1.641   3.074   -0.002    0.150    0.104
             1.012   15.969    2.117           0.274   -0.042    0.013
             -1.032   15.652   -1.964      2.044    0.317    4.081
  -1.052    4.238    0.771    1.315   2.809    0.000    0.197    0.180
             1.070   15.602    2.331           0.347   -0.024    0.002
             -1.070   15.597   -2.356      2.141    0.005    4.686
  -0.200    4.520    0.410    0.159   2.932   -0.001    0.201    0.190
             1.074   15.580    2.438           0.289   -0.000    0.051
             -1.072   15.568   -2.436      2.146    0.012    4.875
   0.605    4.770    0.405    0.633   3.034    0.002    0.232    0.135
             1.077   15.575    2.421           0.237   -0.072    0.049
             -1.067   15.588   -2.403      2.143   -0.014    4.825
   1.623    4.792    0.407    0.245   3.022    0.018    0.196    0.258
             1.065   15.632    2.220           0.308   -0.033   -0.030
             -1.056   15.631   -2.227      2.120    0.000    4.447
   3.287    4.983    0.378    0.812   3.124   -0.055    0.164    0.088
             1.026   20.595    1.347           0.175    0.040   -0.076
             -0.910   17.801   -1.156      1.936    2.794    2.503
   5.239    4.233    0.409   -4.475   2.794   -0.008    0.193    0.168
             0.920   39.804    2.885           0.342    0.062   -0.127
             -0.491   16.989   -1.115      1.411   22.815    3.999
   8.300    3.558    0.409   -1.998   2.560   -0.001    0.172    0.167
             0.391   39.797    3.519           0.420    0.007   -0.016
             -0.237   19.401   -0.961      0.628   20.396    4.480
  15.221    3.408    0.790    9.315   2.495   -0.000    0.150    0.150
             0.246   23.995    0.419           0.486    0.008    0.008
             -0.216   27.219   -0.003      0.462   -3.224    0.422

 time =   104.16
    y   !  pmax  !   xp   !   zp   !  rho  !   bx   !   by   !   bz   !
 --------!  bxmax !  xbmax !  zbmax !------!   vx   !   vy   !   vz   !
 ---------!  bxmin !  xbmin !  zbmin !!!  difb  !  difx  !  difz  !
 -----------------------------------------------------------------------
 -20.000    3.915    5.598   -5.609   2.119    0.004    0.159    0.164
             0.361   26.429    0.638           0.569   -0.011   -0.013
             -0.399   27.229   -0.644      0.759   -0.800    1.283
 -11.192    3.757    4.799   13.000   2.246    0.000    0.160    0.157
             0.294   37.005   -0.039           0.525    0.008    0.007
             -0.286   30.012    0.193      0.580    6.993   -0.232
  -6.452    4.094    3.220    5.083   2.665    0.042    0.224    0.154
             0.433   33.604    0.016           0.496   -0.004   -0.097
             -0.667   31.398   -1.900      1.100    2.206    1.915
  -4.249    3.837    4.395    4.092   2.548    0.058    0.314    0.266
             0.766   16.995    1.354           0.427    0.066   -0.161
             -1.038   30.606   -1.327      1.805  -13.611    2.680
  -2.379    3.752    2.811    7.759   2.596    0.049    0.202    0.148
             1.003   23.184    1.021           0.388   -0.093    0.001
             -1.024   15.780   -1.695      2.027    7.404    2.716
  -1.052    3.729   14.400    0.022   2.005   -0.035    0.132    0.966
             1.062   15.438    2.093           0.030   -0.007    0.001
             -1.060   15.409   -2.096      2.122    0.029    4.188
  -0.200    3.867    3.199   -4.336   2.622    0.021    0.183    0.189
             1.061   15.718    2.281           0.258    0.155   -0.141
             -1.059   15.747   -2.289      2.120   -0.029    4.569
   0.605    3.991    0.409   -1.989   2.656    0.071    0.155    0.142
             1.076   15.368    2.142           0.330    0.256   -0.038
             -1.074   15.371   -2.150      2.150   -0.003    4.292
   1.623    4.183    1.598   -9.412   2.822    0.064    0.040    0.152
             1.048   15.774    2.049           0.280    0.116    0.000
             -1.038   15.780   -2.065      2.086   -0.006    4.114
   3.287    4.347    2.786    0.574   2.866   -0.020    0.175    0.146
             1.042   22.994    1.306           0.246    0.084   -0.152
             -0.913   18.197   -1.047      1.955    4.797    2.353
   5.239    3.950    4.762   -4.476   2.545    0.037    0.094    0.154
             0.916   39.802    2.724           0.311    0.184   -0.199
             -0.441   16.992   -1.150      1.357   22.809    3.874
   8.300    3.888    4.398  -16.868   2.314   -0.002    0.196    0.186
             0.395   39.799    3.495           0.527   -0.013   -0.014
             -0.259   34.214    0.207      0.654    5.585    3.289
  15.221    3.689    4.799   18.291   2.261    0.003    0.157    0.157
             0.538   22.782    0.398           0.532    0.007   -0.014
             -0.392   22.385   -0.414      0.930    0.397    0.813

 time =   110.88
    y   !  pmax  !   xp   !   zp   !  rho  !   bx   !   by   !   bz   !
 --------!  bxmax !  xbmax !  zbmax !------!   vx   !   vy   !   vz   !
 ---------!  bxmin !  xbmin !  zbmin !!!  difb  !  difx  !  difz  !
 -----------------------------------------------------------------------
 -20.000    5.267    1.998   -5.382   2.168    0.006    0.158    0.180
             0.555   12.604    0.580           0.567    0.007    0.010
             -0.487   11.795    0.214      1.042    0.809    0.366
 -11.192    4.712    1.200   13.022   2.449   -0.004    0.154    0.151
             0.494   28.996   -0.231           0.522    0.015    0.006
             -0.385   23.214    0.026      0.879    5.782   -0.257
  -6.452    4.512    1.599   17.336   2.506    0.009    0.140    0.157
             0.469   36.408   -0.868           0.479    0.005    0.006
             -0.736   29.400   -1.684      1.205    7.008    0.816
  -4.249    4.666    1.597   15.874   2.249    0.035    0.169    0.155
             0.806   17.396    1.394           0.544   -0.004   -0.013
             -1.031   32.205   -1.639      1.837  -14.808    3.033
  -2.379    4.596    0.799   13.079   2.482    0.018    0.169    0.151
             1.038   22.406    0.912           0.520   -0.020   -0.006
             -1.047   39.417   -2.927      2.085  -17.011    3.839
  -1.052    4.733    1.198  -17.675   2.652   -0.040    0.137    0.157
             1.034   23.401    1.948           0.443   -0.026   -0.010
             -1.050   23.801   -2.457      2.084   -0.400    4.405
  -0.200    4.668    0.800   13.060   2.753    0.017    0.125    0.160
             1.027   15.428    2.082           0.463   -0.003   -0.009
             -1.153   39.072   -2.118      2.179  -23.645    4.199
   0.605    4.560    1.201   13.715   2.238    0.062    0.144    0.159
             1.093   39.758    2.349           0.546   -0.007   -0.020
             -1.018   15.431   -2.100      2.111   24.327    4.449
   1.623    4.606    0.799   17.006   2.549    0.030    0.159    0.152
             1.068   38.601    2.960           0.522   -0.003    0.015
             -1.055   24.603   -1.454      2.122   13.998    4.414
   3.287    4.600    1.199   16.087   2.546   -0.039    0.156    0.160
             1.084   23.196    0.604           0.497    0.031   -0.010
             -1.016   19.584   -0.905      2.100    3.613    1.510
   5.239    4.641    1.198  -15.866   2.402    0.007    0.176    0.154
             0.879   39.411    2.656           0.557   -0.017    0.008
             -0.451   16.196   -1.097      1.330   23.216    3.753
   8.300    4.997    0.800  -16.777   2.493   -0.003    0.164    0.155
             0.403   39.799    3.445           0.530   -0.007   -0.019
             -0.259   39.358    0.418      0.662    0.441    3.027
  15.221    4.609    1.198   -1.053   2.123    0.046    0.155    0.174
             0.460   18.400    0.389           0.562   -0.013   -0.030
             -0.434   18.198    0.371      0.894    0.202    0.018

 time =   117.15
    y   !  pmax  !   xp   !   zp   !  rho  !   bx   !   by   !   bz   !
 --------!  bxmax !  xbmax !  zbmax !------!   vx   !   vy   !   vz   !
 ---------!  bxmin !  xbmin !  zbmin !!!  difb  !  difx  !  difz  !
 -----------------------------------------------------------------------
 -20.000    4.827    0.386   -4.281   1.265   -0.126    0.059    0.116
             0.394    8.202    0.608           0.355    0.013    0.069
             -0.532   36.998   -0.640      0.926  -28.796    1.248
 -11.192    4.073    0.410    0.018   1.557    0.073    0.136    0.238
             0.488   36.585   -0.240           0.643   -0.013   -0.001
             -0.536   26.801   -0.436      1.024    9.783    0.195
  -6.452    3.981    0.382    2.266   1.905   -0.257    0.203    0.150
             0.483   39.001   -0.811           0.616    0.048    0.051
             -0.679   28.599   -1.645      1.161   10.401    0.834
  -4.249    4.771    3.971   -0.403   3.049   -0.088    0.198    0.018
             0.790   16.997    1.322           0.181   -0.053   -0.082
             -1.062   30.603   -1.645      1.852  -13.606    2.967
  -2.379    4.028    4.417    4.320   2.799   -0.025    0.228    0.195
             0.996   20.608    1.184           0.467    0.074   -0.041
             -1.125   35.201   -2.503      2.121  -14.592    3.687
  -1.052    4.718    0.409    6.752   2.560   -0.016    0.174    0.154
             1.021   15.799    1.952           0.331   -0.106    0.027
             -1.120   39.002   -2.741      2.142  -23.203    4.693
  -0.200    4.149    9.582  -11.389   2.317   -0.080    0.196    0.159
             1.126   39.225    1.851           0.740   -0.078   -0.018
             -1.201   39.539   -1.650      2.327   -0.315    3.501
   0.605    4.485    1.625   -5.302   2.907    0.064   -0.076    0.149
             1.139   38.976    2.343           0.360   -0.064   -0.010
             -1.048   15.796   -2.079      2.187   23.180    4.422
   1.623    4.570    4.008   -3.972   2.702    0.055   -0.018    0.185
             1.155   38.609    2.783           0.283    0.013   -0.034
             -1.008   15.793   -1.764      2.163   22.816    4.547
   3.287    3.871    3.209   -4.800   2.514    0.034    0.146    0.258
             1.155   39.806    2.452           0.361    0.027   -0.067
             -0.901   17.004   -1.120      2.056   22.802    3.572
   5.239    4.363    2.004    1.292   2.891   -0.020    0.245    0.038
             0.895   39.422    2.700           0.307    0.035   -0.016
             -0.378   17.397   -1.530      1.273   22.025    4.230
   8.300    4.544    0.384    1.006   3.000    0.037    0.192    0.101
             0.415   39.800    3.379           0.299    0.020    0.032
             -0.273   39.167    0.217      0.688    0.633    3.162
  15.221    4.632    6.404    4.724   1.310   -0.033    0.143    0.273
             0.482   32.730    0.404           0.828   -0.030    0.040
             -0.469   33.381   -0.024      0.952   -0.651    0.429

 time =   123.06
    y   !  pmax  !   xp   !   zp   !  rho  !   bx   !   by   !   bz   !
 --------!  bxmax !  xbmax !  zbmax !------!   vx   !   vy   !   vz   !
 ---------!  bxmin !  xbmin !  zbmin !!!  difb  !  difx  !  difz  !
 -----------------------------------------------------------------------
 -20.000    4.003    1.604    4.277   2.129   -0.011    0.119    0.177
             0.527   15.210    0.634           0.589    0.010   -0.090
             -0.590   39.380   -0.412      1.117  -24.170    1.046
 -11.192    3.731    3.604   -0.611   1.382   -0.133    0.169    0.247
             0.568   24.195   -0.349           0.753   -0.067   -0.010
             -0.553   25.983   -0.621      1.121   -1.787    0.272
  -6.452    3.559    3.996    1.022   2.954   -0.149    0.225    0.130
             0.490    0.406    1.292           0.362   -0.001    0.061
             -0.700   16.599   -0.177      1.190  -16.193    1.468
  -4.249    3.857    0.408    2.240   2.647   -0.083    0.135    0.205
             0.865   16.606    1.419           0.310    0.021   -0.201
             -1.009   39.377   -2.348      1.874  -22.771    3.767
  -2.379    4.151    2.018   -1.617   2.769   -0.062    0.329    0.165
             0.978   20.593    1.372           0.326    0.020   -0.041
             -1.142   33.207   -2.360      2.121  -12.614    3.732
  -1.052    3.701    1.979   -3.351   2.571   -0.047    0.174    0.148
             1.082   25.798    1.708           0.343    0.015   -0.062
             -1.170   39.006   -2.529      2.252  -13.208    4.237
  -0.200    4.062    6.399    5.200   2.640   -0.143   -0.034    0.194
             1.186   39.202    1.685           0.343   -0.204    0.113
             -1.175   38.622   -1.926      2.361    0.580    3.611
   0.605    4.097    7.191   13.255   1.806   -0.040    0.284    0.094
             1.207   39.795    2.130           0.528   -0.078    0.032
             -1.233   39.223   -0.826      2.440    0.572    2.956
   1.623    3.986    1.615   -5.343   2.483    0.033    0.161    0.202
             1.146   37.799    2.648           0.460   -0.070   -0.035
             -1.074   23.799   -1.152      2.220   14.000    3.800
   3.287    4.205    0.811   -0.404   2.716   -0.035    0.225    0.039
             1.190   38.223    2.380           0.267   -0.054    0.102
             -0.877   18.203   -1.361      2.067   20.020    3.741
   5.239    3.703    0.392    0.773   2.609   -0.105    0.155    0.119
             0.925   39.812    2.537           0.314   -0.004   -0.064
             -0.427    2.004   -6.551      1.352   37.807    9.088
   8.300    3.693    1.597  -13.234   2.342    0.017    0.191    0.171
             0.403   39.797    3.129           0.689    0.001   -0.017
             -0.407    3.580   -0.866      0.810   36.217    3.995
  15.221    4.803    3.997    4.763   1.195    0.193    0.121    0.246
             0.630   33.161    0.383           0.758    0.004   -0.071
             -0.513    8.009   -0.587      1.144   25.152    0.970

 time =   128.97
    y   !  pmax  !   xp   !   zp   !  rho  !   bx   !   by   !   bz   !
 --------!  bxmax !  xbmax !  zbmax !------!   vx   !   vy   !   vz   !
 ---------!  bxmin !  xbmin !  zbmin !!!  difb  !  difx  !  difz  !
 -----------------------------------------------------------------------
 -20.000    2.397   30.422    5.672   2.022   -0.000    0.173    0.160
             0.215   10.397    0.662           0.736   -0.006    0.014
             -0.285   38.162   -0.355      0.500  -27.764    1.017
 -11.192    2.336   31.208   15.955   1.991   -0.005    0.152    0.158
             0.216    7.002   -1.065           0.721   -0.014   -0.008
             -0.183   31.191   -1.367      0.399  -24.189    0.302
  -6.452    2.427   10.885    0.589   1.958   -0.035    0.136    0.232
             0.257    0.391    1.317           0.536   -0.107    0.029
             -0.572   38.998   -2.863      0.829  -38.607    4.180
  -4.249    2.663   11.854   -0.196   2.101   -0.056    0.227    0.244
             0.613   17.009    1.436           0.360   -0.128   -0.062
             -0.967   38.189   -2.440      1.580  -21.180    3.876
  -2.379    2.890   12.580    0.059   2.018   -0.067    0.288    0.646
             0.906   16.618    1.442           0.079   -0.039   -0.002
             -1.145   38.601   -2.357      2.052  -21.983    3.799
  -1.052    3.127   15.179    0.002   1.795   -0.053    0.113    0.821
             0.983   16.148    1.760           0.040   -0.011    0.002
             -1.130   38.591   -2.338      2.113  -22.443    4.098
  -0.200    3.255   15.167   -0.006   1.835   -0.007    0.100    0.779
             1.086   38.842    1.555           0.034   -0.002    0.000
             -1.142   38.971   -1.662      2.228   -0.129    3.217
   0.605    3.215   15.174   -0.009   1.820    0.031    0.105    0.794
             1.120   37.368    2.031           0.036    0.006   -0.001
             -1.195   38.988   -0.844      2.314   -1.620    2.875
   1.623    2.991   12.860    0.023   2.010    0.045    0.278    0.736
             1.093   38.192    2.549           0.060    0.017   -0.003
             -0.957   16.227   -1.667      2.050   21.965    4.215
   3.287    2.755   11.816    0.038   2.123    0.064    0.222    0.334
             1.137   38.985    2.203           0.268    0.184   -0.029
             -0.747   17.400   -1.501      1.884   21.585    3.705
   5.239    2.481    9.636    0.784   2.046    0.050    0.091    0.196
             0.889   39.363    2.468           0.470    0.139   -0.012
             -0.284   17.770   -1.759      1.173   21.593    4.227
   8.300    2.290   30.355   12.463   2.008   -0.002    0.147    0.137
             0.400   39.802    3.014           0.725    0.017   -0.002
             -0.130   38.389    0.419      0.530    1.413    2.594
  15.221    2.376   30.535   24.334   1.974   -0.003    0.140    0.138
             0.326   36.842    0.705           0.736    0.013    0.002
             -0.250   34.651   -0.216      0.576    2.191    0.921

 time =   134.87
    y   !  pmax  !   xp   !   zp   !  rho  !   bx   !   by   !   bz   !
 --------!  bxmax !  xbmax !  zbmax !------!   vx   !   vy   !   vz   !
 ---------!  bxmin !  xbmin !  zbmin !!!  difb  !  difx  !  difz  !
 -----------------------------------------------------------------------
 -20.000    2.309   33.592   -8.550   1.985   -0.003    0.140    0.146
             0.188   13.789    0.004           0.724   -0.005   -0.020
             -0.204   18.818    1.279      0.391   -5.029   -1.275
 -11.192    2.329   34.136   -0.388   2.456   -0.073    0.156    0.242
             0.123    9.473    0.390           0.571    0.053   -0.003
             -0.183   39.801   -3.319      0.306  -30.327    3.709
  -6.452    2.291   35.085   16.024   1.971   -0.005    0.146    0.161
             0.191    0.318    1.262           0.673   -0.031   -0.027
             -0.594   39.383   -2.922      0.785  -39.065    4.184
  -4.249    2.270   33.917  -15.774   1.963   -0.007    0.141    0.132
             0.566   18.234    2.289           0.685   -0.026    0.028
             -1.006   36.667   -2.334      1.572  -18.433    4.623
  -2.379    2.490   13.686   -0.005   1.731   -0.075    0.212    0.778
             0.800   17.270    1.386           0.040   -0.019    0.005
             -1.203   36.653   -2.280      2.003  -19.383    3.666
  -1.052    2.786   15.244   -0.001   1.674   -0.061    0.126    0.860
             0.918   27.405    1.109           0.040   -0.012    0.003
             -1.194   35.392   -2.313      2.112   -7.987    3.422
  -0.200    2.931   15.259   -0.004   1.691   -0.009    0.116    0.854
             1.247   36.984    0.889           0.035   -0.002    0.001
             -1.218   36.201   -1.790      2.466    0.783    2.679
   0.605    2.883   15.258   -0.007   1.682    0.036    0.120    0.858
             1.210   37.010    1.990           0.037    0.007   -0.001
             -1.333   38.975   -0.610      2.543   -1.965    2.600
   1.623    2.641   13.922    0.012   1.723    0.053    0.187    0.868
             1.174   34.988    2.345           0.035    0.010   -0.003
             -0.870   16.454   -1.578      2.044   18.534    3.923
   3.287    2.338   12.056   -0.008   1.911    0.040    0.231    0.323
             1.208   36.797    1.970           0.235    0.201   -0.027
             -0.678   19.469   -2.621      1.886   17.328    4.591
   5.239    2.304   33.672   15.742   2.006    0.007    0.139    0.131
             0.935   38.411    2.367           0.668    0.033   -0.026
             -0.390   17.644   -2.064      1.324   20.767    4.431
   8.300    2.239   35.008   16.032   1.963    0.013    0.142    0.135
             0.411   39.802    2.900           0.703    0.038   -0.030
             -0.132   39.388   -0.733      0.542    0.414    3.633
  15.221    2.171   35.764   15.519   1.906   -0.003    0.140    0.139
             0.240   38.790    0.447           0.751    0.017   -0.018
             -0.252   39.800   -0.224      0.492   -1.010    0.672

 time =   140.78
    y   !  pmax  !   xp   !   zp   !  rho  !   bx   !   by   !   bz   !
 --------!  bxmax !  xbmax !  zbmax !------!   vx   !   vy   !   vz   !
 ---------!  bxmin !  xbmin !  zbmin !!!  difb  !  difx  !  difz  !
 -----------------------------------------------------------------------
 -20.000    2.080   29.539   13.040   1.890   -0.021    0.165    0.158
             0.176   16.304    0.214           0.677   -0.033    0.046
             -0.148   17.835    1.351      0.324   -1.531   -1.137
 -11.192    2.095   32.303  -14.305   1.873   -0.001    0.136    0.134
             0.117   11.361   -0.120           0.678   -0.021    0.001
             -0.178   39.836   -3.127      0.296  -28.475    3.006
  -6.452    2.127    0.805    4.586   1.838    0.111    0.165    0.165
             0.170    0.303    1.247           0.597   -0.011   -0.006
             -0.607   39.014   -2.848      0.777  -38.711    4.095
  -4.249    2.172   11.771    0.241   1.850   -0.078    0.234    0.276
             0.562   16.823    2.392           0.369   -0.190    0.022
             -0.977   36.939   -2.085      1.539  -20.116    4.477
  -2.379    2.443   13.102    0.034   1.680   -0.064    0.236    0.791
             0.733   18.215    1.307           0.065   -0.024    0.005
             -1.169   36.017   -1.910      1.903  -17.802    3.217
  -1.052    2.603   13.027    0.015   1.731   -0.023    0.239    0.839
             0.883   27.731    0.801           0.052   -0.009    0.001
             -1.135   37.396   -2.242      2.018   -9.665    3.043
  -0.200    2.641   13.063    0.004   1.730   -0.003    0.240    0.858
             1.177   37.922    1.337           0.048   -0.003   -0.000
             -1.141   35.431   -1.752      2.318    2.491    3.089
   0.605    2.635   13.072    0.015   1.730    0.017    0.241    0.856
             1.135   36.246    1.988           0.049    0.004   -0.002
             -1.244   37.820   -0.453      2.379   -1.575    2.441
   1.623    2.558   13.065    0.039   1.723    0.052    0.245    0.814
             1.140   36.753    2.328           0.057    0.016   -0.006
             -0.811   23.452   -1.123      1.950   13.301    3.451
   3.287    2.335   12.171   -0.055   1.902    0.060    0.216    0.352
             1.220   39.773    1.758           0.240    0.181   -0.026
             -0.687   17.364   -2.808      1.907   22.409    4.566
   5.239    2.139   31.558  -15.915   1.913   -0.009    0.141    0.146
             0.953   38.125    2.083           0.656    0.045   -0.008
             -0.441   18.451   -2.355      1.394   19.674    4.437
   8.300    2.100   31.373   -4.741   1.905    0.004    0.149    0.158
             0.416   39.801    2.858           0.656    0.048   -0.013
             -0.085   39.616   -0.849      0.501    0.184    3.707
  15.221    2.112   33.131  -19.827   1.864    0.004    0.141    0.148
             0.119   39.199    1.040           0.695    0.051   -0.018
             -0.124   39.628   -0.961      0.244   -0.429    2.001

 time =   146.68
    y   !  pmax  !   xp   !   zp   !  rho  !   bx   !   by   !   bz   !
 --------!  bxmax !  xbmax !  zbmax !------!   vx   !   vy   !   vz   !
 ---------!  bxmin !  xbmin !  zbmin !!!  difb  !  difx  !  difz  !
 -----------------------------------------------------------------------
 -20.000    0.000    0.000    0.000   1.200    0.002    0.100    0.100
             0.121   18.739    0.258           1.000    0.000    0.000
             -0.148   18.568    1.299      0.269    0.172   -1.042
 -11.192    2.035    0.335   -7.217   1.779   -0.050    0.159    0.160
             0.088    0.907   -1.847           0.635   -0.005   -0.001
             -0.163   39.673   -3.012      0.252  -38.767    1.165
  -6.452    2.087    0.369    2.069   1.904   -0.051    0.167    0.171
             0.157   -0.199    1.234           0.573    0.004    0.005
             -0.610   38.158   -2.648      0.767  -38.357    3.882
  -4.249    2.277   12.040   -0.142   1.891   -0.112    0.240    0.258
             0.652   18.455    2.783           0.372   -0.198   -0.002
             -0.954   35.877   -1.889      1.606  -17.422    4.672
  -2.379    2.557   12.170   -0.108   1.940   -0.076    0.283    0.487
             0.739   17.817    3.223           0.171   -0.132   -0.029
             -1.131   35.897   -1.755      1.871  -18.080    4.978
  -1.052    2.707   13.132   -0.050   1.726   -0.030    0.231    0.901
             0.864   27.854    0.652           0.049   -0.009    0.002
             -1.095   33.996   -2.046      1.959   -6.141    2.698
  -0.200    2.744   13.131   -0.048   1.731   -0.008    0.228    0.918
             1.130   33.948    1.015           0.045   -0.002    0.000
             -1.090   33.836   -1.717      2.220    0.113    2.732
   0.605    2.730   13.173   -0.019   1.727    0.015    0.230    0.916
             1.088   33.959    1.960           0.045    0.004   -0.001
             -1.185   36.733   -0.222      2.274   -2.775    2.182
   1.623    2.637   13.227    0.012   1.705    0.051    0.241    0.881
             1.094   34.793    2.273           0.053    0.015   -0.004
             -0.817   21.809   -1.381      1.911   12.983    3.654
   3.287    2.415   12.027    0.090   1.958    0.064    0.192    0.319
             1.163   38.199    1.700           0.287    0.188   -0.018
             -0.693   17.154   -2.773      1.856   21.045    4.473
   5.239    2.121   11.750    0.236   1.835    0.062    0.176    0.223
             0.938   37.392    1.793           0.494    0.195    0.008
             -0.467   18.375   -2.373      1.405   19.018    4.166
   8.300    2.090    0.494    7.257   1.808   -0.065    0.159    0.160
             0.415   39.810    2.652           0.625    0.003    0.005
             -0.079    0.212    7.984      0.494   39.598   -5.331
  15.221    2.023    0.175   -0.747   1.817    0.040    0.159    0.158
             0.114   -0.268    4.721           0.622    0.003   -0.000
             -0.108   23.022    0.396      0.222  -23.290    4.325

 time =   152.59
    y   !  pmax  !   xp   !   zp   !  rho  !   bx   !   by   !   bz   !
 --------!  bxmax !  xbmax !  zbmax !------!   vx   !   vy   !   vz   !
 ---------!  bxmin !  xbmin !  zbmin !!!  difb  !  difx  !  difz  !
 -----------------------------------------------------------------------
 -20.000    0.000    0.000    0.000   1.200    0.002    0.100    0.100
             0.148   26.820    1.342           1.000    0.000    0.000
             -0.099   18.343    1.258      0.247    8.477    0.084
 -11.192    2.018    0.376    1.488   1.866    0.014    0.160    0.161
             0.090    0.363   -1.788           0.623   -0.002    0.002
             -0.162   39.818   -2.643      0.252  -39.456    0.855
  -6.452    2.070    0.476    2.153   1.787   -0.052    0.159    0.164
             0.182   19.524    2.129           0.609   -0.001    0.008
             -0.657   34.913   -2.458      0.839  -15.389    4.587
  -4.249    2.326   11.839    0.130   1.923   -0.091    0.228    0.263
             0.701   18.626    2.794           0.406   -0.191    0.036
             -0.979   33.404   -1.668      1.680  -14.778    4.462
  -2.379    2.616   12.028   -0.011   2.012   -0.046    0.283    0.405
             0.776   18.225    3.276           0.203   -0.158    0.009
             -1.103   32.960   -1.761      1.879  -14.735    5.036
  -1.052    2.776   13.189   -0.025   1.721   -0.034    0.240    0.943
             0.876   26.962    0.832           0.050   -0.011    0.001
             -1.083   31.980   -2.120      1.959   -5.018    2.952
  -0.200    2.826   13.197   -0.012   1.725   -0.009    0.228    0.965
             1.103   31.907    1.084           0.047   -0.003    0.000
             -1.086   32.468   -1.743      2.189   -0.562    2.827
   0.605    2.816   13.235   -0.003   1.723    0.015    0.229    0.966
             1.083   32.326    2.032           0.048    0.004   -0.001
             -1.133   36.994   -0.214      2.216   -4.669    2.247
   1.623    2.721   13.344    0.021   1.703    0.054    0.233    0.932
             1.084   32.394    2.209           0.051    0.013   -0.004
             -0.822   23.998   -0.864      1.905    8.397    3.072
   3.287    2.469   12.162    0.036   1.947    0.074    0.250    0.403
             1.110   32.549    1.422           0.244    0.184   -0.014
             -0.730   16.979   -2.777      1.840   15.570    4.199
   5.239    2.169   11.834   -0.050   1.862    0.045    0.178    0.231
             0.913   37.392    1.735           0.491    0.182   -0.007
             -0.482   18.487   -2.299      1.395   18.905    4.034
   8.300    2.012    0.439   -5.705   1.792   -0.014    0.158    0.158
             0.417   39.794    2.499           0.640    0.003   -0.003
             -0.076    0.413    8.010      0.492   39.381   -5.511
  15.221    2.016    0.212    0.516   1.801   -0.037    0.158    0.159
             0.111    0.446    4.720           0.628   -0.001   -0.001
             -0.076   21.595   -0.279      0.187  -21.150    4.999

 time =   158.49
    y   !  pmax  !   xp   !   zp   !  rho  !   bx   !   by   !   bz   !
 --------!  bxmax !  xbmax !  zbmax !------!   vx   !   vy   !   vz   !
 ---------!  bxmin !  xbmin !  zbmin !!!  difb  !  difx  !  difz  !
 -----------------------------------------------------------------------
 -20.000    0.000    0.000    0.000   1.200    0.001    0.100    0.100
             0.146   30.716    1.351           1.000    0.000    0.000
             -0.082   31.639    5.694      0.228   -0.923   -4.342
 -11.192    0.000    0.000    0.000   1.200   -0.018    0.100    0.100
             0.080    0.727   -1.790           1.000    0.000    0.000
             -0.137   39.827   -2.218      0.217  -39.100    0.429
  -6.452    2.047   11.230   -0.386   1.816   -0.023    0.158    0.183
             0.156   18.970    2.016           0.591   -0.140   -0.010
             -0.702   34.728   -2.300      0.858  -15.757    4.316
  -4.249    2.353   12.054    0.015   1.942   -0.094    0.218    0.269
             0.693   18.454    2.780           0.393   -0.203    0.012
             -0.994   32.663   -1.589      1.687  -14.209    4.369
  -2.379    2.635   12.149   -0.102   1.994   -0.077    0.283    0.455
             0.783   18.144    3.327           0.164   -0.134   -0.021
             -1.081   31.781   -1.571      1.864  -13.636    4.898
  -1.052    2.772   13.251   -0.028   1.713   -0.036    0.252    0.940
             0.870   26.551    0.829           0.049   -0.011    0.003
             -1.062   31.730   -2.109      1.932   -5.179    2.938
  -0.200    2.820   13.298   -0.026   1.710   -0.009    0.239    0.971
             1.061   30.692    1.331           0.046   -0.003    0.001
             -1.059   30.995   -1.674      2.120   -0.303    3.005
   0.605    2.808   13.343   -0.005   1.700    0.015    0.218    0.987
             1.060   31.091    2.051           0.044    0.003   -0.001
             -1.069   30.208   -0.409      2.129    0.883    2.460
   1.623    2.707   13.448    0.009   1.683    0.055    0.233    0.944
             1.070   31.025    2.081           0.050    0.014   -0.003
             -0.836   23.902   -0.820      1.905    7.122    2.901
   3.287    2.482   12.145    0.087   1.969    0.072    0.235    0.369
             1.091   32.999    1.416           0.245    0.185   -0.014
             -0.743   17.100   -2.807      1.833   15.899    4.223
   5.239    2.188   11.927   -0.137   1.885    0.046    0.178    0.226
             0.923   35.799    1.687           0.474    0.201   -0.025
             -0.503   18.570   -2.385      1.426   17.229    4.072
   8.300    0.000    0.000    0.000   1.200   -0.014    0.100    0.100
             0.394   39.811    2.465           1.000    0.000    0.000
             -0.073    0.154    8.004      0.467   39.657   -5.539
  15.221    0.000    0.000    0.000   1.200    0.016    0.100    0.100
             0.097   15.098    4.706           1.000    0.000    0.000
             -0.077   30.776   -1.593      0.174  -15.678    6.299

 time =   164.40
    y   !  pmax  !   xp   !   zp   !  rho  !   bx   !   by   !   bz   !
 --------!  bxmax !  xbmax !  zbmax !------!   vx   !   vy   !   vz   !
 ---------!  bxmin !  xbmin !  zbmin !!!  difb  !  difx  !  difz  !
 -----------------------------------------------------------------------
 -20.000    0.000    0.000    0.000   1.200    0.001    0.100    0.100
             0.167   34.589    1.264           1.000    0.000    0.000
             -0.087   26.843   -0.664      0.254    7.746    1.928
 -11.192    0.000    0.000    0.000   1.200   -0.018    0.100    0.100
             0.089   33.138    2.858           1.000    0.000    0.000
             -0.114   25.150   -0.894      0.202    7.988    3.752
  -6.452    2.046   10.439   -0.010   1.838   -0.023    0.160    0.175
             0.172   19.570    2.050           0.598   -0.108   -0.000
             -0.733   39.398   -2.664      0.904  -19.828    4.714
  -4.249    2.363   12.199    0.117   1.948   -0.096    0.229    0.298
             0.706   18.649    2.807           0.369   -0.213    0.038
             -0.971   31.753   -1.410      1.678  -13.104    4.217
  -2.379    2.636   12.036   -0.039   2.042   -0.051    0.265    0.381
             0.774   15.982    2.811           0.204   -0.158    0.010
             -1.067   31.760   -1.637      1.842  -15.779    4.448
  -1.052    2.768   12.973   -0.013   1.768   -0.039    0.279    0.884
             0.854   29.375    2.846           0.053   -0.013    0.001
             -1.060   31.331   -1.982      1.914   -1.957    4.829
  -0.200    2.808   13.117   -0.007   1.720   -0.008    0.249    0.956
             1.030   29.478    1.295           0.045   -0.003    0.000
             -1.049   33.428   -1.646      2.079   -3.950    2.941
   0.605    2.792   13.159    0.004   1.720    0.018    0.248    0.948
             1.029   30.715    1.853           0.047    0.004   -0.001
             -1.075   32.750   -0.223      2.105   -2.035    2.077
   1.623    2.705   13.054    0.017   1.781    0.051    0.263    0.838
             1.054   31.015    1.920           0.060    0.016   -0.006
             -0.860   21.381   -1.144      1.914    9.634    3.064
   3.287    2.487   12.133    0.102   1.979    0.090    0.230    0.372
             1.060   30.994    1.290           0.243    0.181    0.010
             -0.751   17.371   -2.881      1.811   13.624    4.171
   5.239    2.192   11.738   -0.159   1.903    0.038    0.179    0.219
             0.904   37.005    1.614           0.495    0.189   -0.020
             -0.520   18.744   -2.381      1.424   18.261    3.995
   8.300    0.000    0.000    0.000   1.200   -0.013    0.100    0.100
             0.363   39.792    2.101           1.000    0.000    0.000
             -0.071    0.109    8.016      0.434   39.684   -5.915
  15.221    0.000    0.000    0.000   1.200    0.016    0.100    0.100
             0.106    0.199    4.699           1.000    0.000    0.000
             -0.078   29.799   -1.257      0.184  -29.600    5.956

 time =   170.30
    y   !  pmax  !   xp   !   zp   !  rho  !   bx   !   by   !   bz   !
 --------!  bxmax !  xbmax !  zbmax !------!   vx   !   vy   !   vz   !
 ---------!  bxmin !  xbmin !  zbmin !!!  difb  !  difx  !  difz  !
 -----------------------------------------------------------------------
 -20.000    0.000    0.000    0.000   1.200    0.001    0.100    0.100
             0.158   38.965    1.324           1.000    0.000    0.000
             -0.084   39.854   17.246      0.241   -0.890  -15.922
 -11.192    0.000    0.000    0.000   1.200   -0.019    0.100    0.100
             0.073    0.121    8.188           1.000    0.000    0.000
             -0.121   29.791   -1.312      0.194  -29.670    9.500
  -6.452    2.047   11.372   -0.191   1.875   -0.031    0.152    0.181
             0.159   19.638    2.035           0.590   -0.151   -0.001
             -0.741   39.752   -2.609      0.900  -20.114    4.644
  -4.249    2.369   11.817    0.036   2.018   -0.061    0.202    0.253
             0.729   18.734    2.912           0.412   -0.191    0.003
             -0.937   31.745   -1.446      1.666  -13.011    4.358
  -2.379    2.628   11.973   -0.072   2.059   -0.053    0.253    0.380
             0.781   17.581    3.303           0.205   -0.155    0.006
             -1.009   31.007   -1.704      1.789  -13.426    5.007
  -1.052    2.754   13.170   -0.021   1.729   -0.038    0.265    0.917
             0.868   28.184    2.880           0.047   -0.011    0.002
             -1.028   30.614   -1.958      1.896   -2.430    4.838
  -0.200    2.799   13.219   -0.005   1.729   -0.009    0.255    0.946
             1.045   36.136    0.838           0.044   -0.004   -0.000
             -1.040   34.808   -1.651      2.085    1.328    2.489
   0.605    2.785   13.235    0.002   1.726    0.017    0.252    0.936
             1.031   35.012    1.754           0.045    0.004   -0.001
             -1.070   35.373   -0.059      2.101   -0.360    1.812
   1.623    2.692   13.145    0.018   1.738    0.052    0.254    0.874
             1.012   32.652    1.934           0.053    0.015   -0.005
             -0.844   21.481   -1.109      1.857   11.171    3.042
   3.287    2.493   12.087    0.038   2.000    0.059    0.226    0.327
             1.002   29.058    1.157           0.279    0.185   -0.014
             -0.737   17.048   -2.786      1.739   12.010    3.943
   5.239    2.208   11.941   -0.116   1.908    0.043    0.177    0.230
             0.889   36.604    1.438           0.486    0.200   -0.019
             -0.512   18.897   -2.353      1.401   17.706    3.791
   8.300    0.000    0.000    0.000   1.200   -0.013    0.100    0.100
             0.309   39.814    1.617           1.000    0.000    0.000
             -0.111   39.794   -5.459      0.420    0.020    7.076
  15.221    0.000    0.000    0.000   1.200    0.016    0.100    0.100
             0.141   39.801    0.594           1.000    0.000    0.000
             -0.083   32.244   -1.729      0.224    7.557    2.323

 time =   176.21
    y   !  pmax  !   xp   !   zp   !  rho  !   bx   !   by   !   bz   !
 --------!  bxmax !  xbmax !  zbmax !------!   vx   !   vy   !   vz   !
 ---------!  bxmin !  xbmin !  zbmin !!!  difb  !  difx  !  difz  !
 -----------------------------------------------------------------------
 -20.000    2.085   17.970   14.344   1.834    0.012    0.153    0.153
             0.098   37.984    1.342           0.617   -0.016    0.006
             -0.072   27.837   -1.037      0.170   10.147    2.380
 -11.192    0.000    0.000    0.000   1.200   -0.020    0.100    0.100
             0.071    0.044    8.170           1.000    0.000    0.000
             -0.122   29.543   -1.573      0.194  -29.499    9.743
  -6.452    2.044   11.152    0.196   1.838   -0.008    0.152    0.183
             0.155   19.255    1.995           0.600   -0.142    0.007
             -0.738   39.730   -2.495      0.893  -20.474    4.489
  -4.249    2.362   11.884    0.072   1.997   -0.068    0.208    0.248
             0.701   18.496    2.814           0.415   -0.195    0.009
             -0.885   39.203   -2.873      1.586  -20.707    5.687
  -2.379    2.648   12.083   -0.023   2.095   -0.054    0.261    0.378
             0.822   21.381    3.273           0.212   -0.158    0.007
             -0.943   28.994   -1.585      1.765   -7.613    4.858
  -1.052    2.767   12.033   -0.084   2.090   -0.052    0.280    0.461
             0.890   29.072    2.979           0.145   -0.040    0.005
             -0.987   31.737   -2.000      1.877   -2.665    4.979
  -0.200    2.796   13.127   -0.008   1.737   -0.009    0.253    0.938
             0.993   36.164    0.816           0.045   -0.004   -0.000
             -1.038   34.166   -1.705      2.031    1.998    2.521
   0.605    2.784   13.146    0.009   1.734    0.015    0.251    0.931
             1.022   37.619    1.711           0.047    0.004   -0.002
             -1.016   32.578   -0.041      2.038    5.041    1.752
   1.623    2.693   12.990    0.010   1.785    0.048    0.262    0.827
             1.017   29.351    1.748           0.059    0.016   -0.006
             -0.847   28.116   -3.061      1.864    1.234    4.809
   3.287    2.490   11.987    0.048   2.052    0.060    0.229    0.322
             0.949   29.387    1.160           0.275    0.193   -0.012
             -0.741   16.848   -2.833      1.690   12.539    3.993
   5.239    2.185   12.001   -0.016   1.895    0.054    0.173    0.229
             0.881   39.906    2.749           0.479    0.204   -0.008
             -0.500   18.958   -2.386      1.380   20.948    5.135
   8.300    0.000    0.000    0.000   1.200   -0.013    0.100    0.100
             0.338   39.798    2.429           1.000    0.000    0.000
             -0.080   39.803   -4.814      0.418   -0.005    7.242
  15.221    0.000    0.000    0.000   1.200    0.016    0.100    0.100
             0.102    0.436    4.705           1.000    0.000    0.000
             -0.071   38.996   -1.303      0.174  -38.560    6.009

 time =   182.11
    y   !  pmax  !   xp   !   zp   !  rho  !   bx   !   by   !   bz   !
 --------!  bxmax !  xbmax !  zbmax !------!   vx   !   vy   !   vz   !
 ---------!  bxmin !  xbmin !  zbmin !!!  difb  !  difx  !  difz  !
 -----------------------------------------------------------------------
 -20.000    2.077   16.570   13.712   1.874    0.007    0.157    0.154
             0.079   25.357    0.462           0.622   -0.018    0.012
             -0.074   17.001    1.308      0.153    8.356   -0.846
 -11.192    0.000    0.000    0.000   1.200   -0.020    0.100    0.100
             0.070    0.404    8.160           1.000    0.000    0.000
             -0.120   28.994   -1.539      0.191  -28.590    9.699
  -6.452    2.039   10.338    0.193   1.840   -0.016    0.157    0.173
             0.145   19.520    2.024           0.602   -0.107    0.009
             -0.773   39.385   -2.514      0.917  -19.865    4.538
  -4.249    2.351   11.871    0.144   1.963   -0.065    0.207    0.247
             0.679   18.336    2.809           0.412   -0.195    0.025
             -0.889   28.120   -2.955      1.568   -9.784    5.763
  -2.379    2.622   12.023    0.003   2.065   -0.062    0.264    0.381
             0.846   22.798    3.165           0.208   -0.150    0.007
             -0.903   27.780   -1.423      1.749   -4.982    4.588
  -1.052    2.740   12.855   -0.050   1.831   -0.042    0.277    0.808
             0.899   28.972    3.106           0.057   -0.015    0.002
             -0.950   32.952   -2.023      1.849   -3.980    5.129
  -0.200    2.783   13.125   -0.018   1.738   -0.010    0.249    0.930
             0.938   28.173    1.309           0.044   -0.003    0.000
             -1.001   33.917   -1.682      1.940   -5.743    2.992
   0.605    2.769   13.145    0.002   1.737    0.015    0.247    0.925
             1.035   36.948    1.739           0.046    0.004   -0.001
             -0.968   33.595   -0.007      2.003    3.353    1.746
   1.623    2.675   13.137    0.025   1.740    0.050    0.252    0.864
             0.991   26.766    1.450           0.053    0.015   -0.005
             -0.871   27.397   -3.117      1.861   -0.631    4.568
   3.287    2.469   12.058   -0.036   2.041    0.064    0.229    0.318
             0.914   26.852    3.175           0.275    0.191   -0.008
             -0.704   16.890   -2.810      1.618    9.962    5.985
   5.239    2.183   11.823    0.189   1.886    0.052    0.172    0.218
             0.851   39.639    2.813           0.489    0.192    0.011
             -0.504   18.820   -2.346      1.355   20.819    5.159
   8.300    0.000    0.000    0.000   1.200   -0.012    0.100    0.100
             0.327   36.179    2.889           1.000    0.000    0.000
             -0.064    0.164    8.078      0.391   36.015   -5.189
  15.221    0.000    0.000    0.000   1.200    0.016    0.100    0.100
             0.101    0.751    4.701           1.000    0.000    0.000
             -0.065    1.442    1.140      0.167   -0.691    3.560

 time =   188.02
    y   !  pmax  !   xp   !   zp   !  rho  !   bx   !   by   !   bz   !
 --------!  bxmax !  xbmax !  zbmax !------!   vx   !   vy   !   vz   !
 ---------!  bxmin !  xbmin !  zbmin !!!  difb  !  difx  !  difz  !
 -----------------------------------------------------------------------
 -20.000    2.070   15.204   15.082   1.830    0.013    0.155    0.154
             0.074   25.560    0.399           0.631   -0.013    0.013
             -0.067   26.557   -1.190      0.141   -0.998    1.590
 -11.192    2.025   15.243   15.117   1.833    0.029    0.159    0.153
             0.069    0.671    8.160           0.653   -0.016    0.013
             -0.115   29.224   -1.451      0.185  -28.553    9.611
  -6.452    2.032   10.437    0.209   1.803   -0.023    0.157    0.173
             0.139   19.402    1.997           0.600   -0.110    0.003
             -0.784   39.764   -2.712      0.923  -20.362    4.709
  -4.249    2.331   11.890    0.193   1.972   -0.067    0.206    0.241
             0.687   17.054    2.376           0.413   -0.197    0.026
             -0.888   27.998   -2.865      1.574  -10.944    5.241
  -2.379    2.590   12.033   -0.033   2.041   -0.060    0.255    0.381
             0.812   25.059    3.000           0.207   -0.151    0.009
             -0.899   26.620   -3.318      1.711   -1.561    6.318
  -1.052    2.725   13.003   -0.064   1.785   -0.040    0.265    0.858
             0.908   26.078    3.107           0.052   -0.012    0.002
             -0.932   26.729   -1.442      1.840   -0.651    4.549
  -0.200    2.767   13.135   -0.029   1.732   -0.009    0.246    0.927
             0.929   36.460    0.865           0.045   -0.003    0.001
             -0.981   33.405   -1.631      1.910    3.055    2.496
   0.605    2.755   13.172   -0.005   1.734    0.016    0.244    0.922
             0.968   35.008    1.717           0.046    0.004   -0.001
             -0.902   26.382   -3.266      1.870    8.626    4.983
   1.623    2.665   13.119    0.014   1.740    0.051    0.250    0.863
             0.926   28.119    1.680           0.053    0.014   -0.004
             -0.901   23.220   -3.195      1.827    4.899    4.875
   3.287    2.444   12.312    0.001   1.969    0.075    0.246    0.414
             0.917   27.750    3.128           0.207    0.162   -0.009
             -0.717   17.206   -2.892      1.634   10.543    6.021
   5.239    2.164   11.720    0.043   1.880    0.047    0.173    0.210
             0.847   29.053    2.252           0.490    0.193   -0.003
             -0.474   17.652   -2.019      1.320   11.401    4.271
   8.300    0.000    0.000    0.000   1.200   -0.011    0.100    0.100
             0.388   39.806    3.195           1.000    0.000    0.000
             -0.063   -0.261    8.080      0.451   40.067   -4.885
  15.221    0.000    0.000    0.000   1.200    0.016    0.100    0.100
             0.099    0.451    4.708           1.000    0.000    0.000
             -0.058    0.802    1.347      0.158   -0.351    3.361
