
  time  !   masse    !  masse msp !  kin ener  !  mag ener  !  the energ
 -------!------------!------------!------------!------------!------------
   0.000     67608.87     32161.62    10279.056       171.99     48692.95
   1.000     69485.41     32161.62    10973.147       194.87     50880.13
   2.000     71402.30     32161.62    11439.624       222.69     53368.57
   3.000     73323.80     32161.62    11877.266       252.12     55861.28
   4.000     75236.76     32161.66    12300.804       281.75     58346.49
   5.000     77158.75     32161.82    12714.217       311.36     60815.03
   6.000     79077.91     32162.89    13122.058       341.01     63269.18
   7.000     80995.20     32452.99    13528.018       370.74     65713.72
   8.000     82917.31     33839.65    13932.077       400.58     68146.52
   9.000     84835.55     35239.78    14333.114       430.50     70580.18
  10.000     86755.73     36602.28    14731.727       460.51     73007.47
  11.000     88673.41     37966.28    15128.563       490.63     75434.97
  12.000     90591.50     39348.43    15524.655       520.85     77861.98
  13.000     92512.20     40732.61    15919.415       551.27     80288.72
  14.000     94432.35     42111.96    16313.156       581.90     82709.82
  15.000     96353.25     43504.22    16707.848       612.74     85131.56
  16.000     98273.84     44937.00    17101.264       643.81     87553.75
  17.000    100187.55     46434.39    17495.334       675.07     89969.81
  18.000    102104.52     48015.20    17888.340       706.57     92386.18
  19.000    104020.98     49661.80    18280.814       738.23     94800.38
  20.000    105933.52     51327.57    18675.729       770.01     97216.48
  21.000    107845.76     52976.46    19068.473       801.98     99629.75
  22.000    109645.41     54513.21    19446.400       834.05    101898.55
  23.000    110211.99     54831.76    19468.729       866.26    102383.82
  24.000    110659.66     55033.59    19561.172       898.55    102561.38
  25.000    110923.03     55049.66    19564.693       930.99    102419.05
  26.000    111183.07     55067.81    19617.340       963.59    102279.85
  27.000    111459.40     55107.23    19695.076       996.21    102144.92
  28.000    111733.54     55146.00    19739.158      1029.00    102018.60
  29.000    112013.87     55189.32    19760.514      1061.87    101899.12
  30.000    112285.86     55227.38    19784.539      1094.91    101768.09
  31.000    112563.34     55272.39    19811.564      1128.05    101651.76
  32.000    112844.18     55321.22    19829.646      1161.27    101538.74
  33.000    113119.70     55365.49    19838.357      1194.64    101418.73
  34.000    113401.39     55418.57    19847.061      1228.04    101305.18
  35.000    113695.46     55480.75    19858.922      1261.56    101201.57
  36.000    113977.60     55536.64    19869.764      1296.00    101086.89
  37.000    114265.77     55593.36    19876.762      1334.03    100966.09
  38.000    114543.40     55643.36    19895.047      1371.58    100834.11
  39.000    114819.01     55692.36    19911.164      1403.23    100706.10
  40.000    115090.52     55736.73    19926.461      1434.44    100576.94
  41.000    115361.73     55777.43    19940.779      1463.89    100448.78
  42.000    115625.23     55814.57    19949.479      1492.36    100316.62
  43.000    115885.91     55850.26    19957.633      1520.04    100185.58
  44.000    116151.27     55888.17    19972.475      1547.74    100060.41
  45.000    116436.66     55943.18    20001.820      1575.90     99964.77
  46.000    116722.20     55996.50    20045.150      1604.46     99874.46
  47.000    117009.92     56049.66    20092.822      1632.81     99789.32
  48.000    117299.38     56104.68    20140.395      1660.91     99708.41
  49.000    117572.74     56144.67    20188.053      1688.84     99631.55
  50.000    117825.70     56162.25    20229.838      1716.01     99560.88
  51.000    118029.11     56130.82    20253.926      1741.55     99510.44
  51.999    118172.53     56033.09    20260.939      1763.30     99479.87
  52.999    118225.60     55856.25    20230.633      1778.97     99452.90
  53.999    118192.96     55581.58    20207.014      1787.54     99390.45
  54.999    118089.39     55189.37    20213.893      1790.70     99246.74
  55.999    117948.92     54812.89    20272.580      1792.94     99035.90
  56.999    117824.12     54575.79    20367.047      1795.57     98838.16
  57.999    117704.42     54367.52    20470.336      1798.12     98680.65
  58.999    117581.60     54152.93    20584.049      1800.17     98540.55
  59.999    117488.05     53967.49    20707.092      1802.70     98424.71
  60.999    117406.77     53789.65    20839.697      1805.84     98323.30
  61.999    117325.88     53621.22    20976.943      1808.31     98232.30
  62.999    117252.12     53455.13    21123.902      1810.73     98154.55
  63.999    117199.71     53313.68    21275.932      1813.14     98089.42
  64.999    117144.45     53178.29    21432.105      1815.22     98035.63
  65.999    117083.66     53058.18    21590.533      1817.00     97989.22
  66.999    117034.42     52941.07    21759.211      1818.31     97948.05
  68.000    116995.48     52846.04    21933.207      1819.21     97911.55
  68.950    116958.57     52775.03    22110.752      1819.91     97882.06
  69.850    116937.53     52745.61    22280.500      1820.15     97860.89
  70.749    116913.19     52733.66    22458.361      1820.42     97841.42
  71.649    116896.16     52740.16    22643.252      1820.36     97829.27
  72.549    116883.25     52760.32    22830.301      1820.06     97817.62
  73.449    116876.83     52794.78    23022.801      1819.71     97812.59
  74.349    116866.32     52837.88    23214.926      1819.18     97807.65
  75.249    116869.41     52896.72    23413.244      1818.74     97808.30
  76.149    116866.55     52960.34    23609.471      1818.08     97806.02
  77.049    116869.97     53033.95    23809.461      1817.37     97808.24
  77.949    116871.13     53106.19    24006.975      1816.63     97811.07
  78.849    116875.87     53183.20    24208.055      1815.94     97814.16
  79.749    116879.16     53257.31    24408.754      1815.41     97813.05
  80.649    116874.17     53321.97    24602.404      1814.45     97801.08
  81.549    116855.62     53377.16    24779.639      1813.06     97770.76
  82.449    116824.00     53426.81    24936.596      1811.57     97720.38
  83.349    116784.02     53479.24    25082.988      1809.99     97662.53
  84.249    116734.40     53523.50    25223.193      1808.61     97590.39
  85.149    116679.97     53566.11    25352.305      1806.75     97511.21
  86.049    116622.12     53602.79    25475.951      1804.92     97428.62
  86.949    116559.78     53638.26    25595.863      1803.03     97339.18
  87.849    116500.27     53676.33    25707.877      1801.17     97249.53
  88.749    116435.97     53708.47    25821.609      1799.59     97156.06
  89.649    116367.03     53739.33    25932.363      1797.45     97058.19
  90.522    116300.20     53771.09    26042.707      1795.89     96962.47
  91.332    116233.18     53799.61    26144.652      1794.17     96868.62
  92.142    116134.12     53831.16    26261.736      1792.51     96729.73
  92.951    115979.33     53861.39    26404.223      1790.70     96513.82
  93.761    115798.72     53894.27    26557.002      1788.04     96269.88
  94.571    115609.69     53925.21    26711.908      1784.68     96036.30
  95.381    115414.09     53951.21    26843.344      1780.36     95773.81
  96.191    115247.10     53974.71    26895.672      1777.24     95521.30
  97.001    115129.84     53999.48    26913.865      1778.38     95335.48
  97.811    115037.15     54027.25    26947.270      1779.38     95202.57
  98.621    114932.56     54051.72    26963.561      1778.84     95048.28
  99.431    114817.30     54079.23    26988.891      1778.40     94888.04
 100.241    114696.42     54110.69    27020.309      1777.43     94728.26
 101.051    114577.70     54141.89    27053.914      1776.75     94577.96
 101.861    114463.18     54177.12    27090.738      1775.07     94429.37
 102.671    114337.41     54213.86    27134.199      1772.81     94275.82
 103.432    114219.57     54255.43    27180.838      1771.51     94132.27
 104.161    114121.73     54303.01    27220.867      1770.19     94017.20
 104.890    114029.33     54354.10    27266.217      1769.55     93904.40
 105.619    113939.76     54407.34    27313.107      1768.14     93803.05
 106.283    113867.59     54464.05    27358.631      1767.25     93719.62
 106.939    113803.44     54514.39    27406.834      1765.85     93653.32
 107.595    113744.98     54551.27    27464.551      1764.44     93598.64
 108.251    113697.41     54558.24    27533.525      1763.52     93556.30
 108.907    113664.55     54549.07    27616.514      1762.15     93539.05
 109.563    113642.59     54545.05    27717.371      1760.87     93535.41
 110.220    113630.45     54546.96    27843.199      1759.63     93550.94
 110.876    113629.27     54547.21    27999.941      1758.79     93591.65
 111.532    113630.81     54540.23    28189.186      1758.63     93655.23
 112.188    113627.34     54538.72    28409.654      1757.75     93749.12
 112.844    113602.77     54539.37    28655.443      1756.84     93827.03
 113.500    113528.56     54546.30    28895.613      1755.98     93903.91
 114.156    113392.00     54555.51    29096.992      1754.86     93952.92
 114.793    113240.04     54567.64    29243.434      1754.82     93922.47
 115.383    113118.89     54586.25    29311.322      1754.20     93865.20
 115.974    113027.30     54607.57    29362.006      1754.27     93798.02
 116.564    112949.92     54624.62    29402.658      1754.87     93729.34
 117.155    112853.49     54646.56    29418.002      1755.26     93645.30
 117.745    112735.55     54667.80    29412.305      1756.65     93547.33
 118.336    112618.73     54692.60    29394.498      1757.20     93447.16
 118.926    112521.53     54728.70    29377.836      1758.56     93340.81
 119.517    112449.77     54784.51    29366.889      1760.89     93247.60
 120.107    112398.13     54866.66    29371.154      1763.97     93183.66
 120.698    112358.31     54978.39    29390.807      1768.43     93137.06
 121.288    112320.88     55114.33    29414.559      1772.15     93110.84
 121.879    112281.95     55268.72    29433.201      1776.39     93070.24
 122.469    112238.21     55445.46    29447.229      1781.04     93033.50
 123.060    112200.42     55654.32    29451.652      1786.26     93003.71
 123.650    112125.21     55862.44    29265.529      1781.56     92490.79
 124.241    112027.30     56066.55    29211.859      1769.95     92298.16
 124.831    111921.19     56265.16    29170.420      1760.23     92151.27
 125.422    111796.32     56437.86    29126.236      1752.71     91996.55
 126.013    111665.47     56578.58    29075.297      1747.00     91836.29
 126.603    111539.89     56692.77    29021.365      1743.38     91662.62
 127.194    111399.88     56781.47    28958.963      1741.38     91475.78
 127.784    111251.70     56850.70    28895.439      1740.48     91275.01
 128.375    111092.68     56905.49    28827.656      1740.47     91065.52
 128.965    110921.57     56944.25    28757.699      1741.00     90849.95
 129.556    110745.23     56965.95    28686.143      1741.69     90622.27
 130.146    110553.68     56965.98    28610.617      1742.38     90375.69
 130.737    110355.64     56945.79    28529.512      1743.43     90121.02
 131.327    110144.47     56901.62    28441.447      1744.55     89840.85
 131.918    109927.23     56839.68    28343.457      1745.35     89548.16
 132.508    109689.02     56766.04    28231.688      1745.70     89231.93
 133.099    109430.49     56676.54    28100.887      1745.46     88886.63
 133.689    109149.46     56559.40    27947.410      1744.48     88505.72
 134.280    108841.62     56413.37    27762.039      1742.70     88082.65
 134.870    108507.42     56227.79    27542.725      1740.06     87622.48
 135.461    108148.42     55998.34    27297.068      1736.85     87136.25
 136.051    107784.91     55731.90    27041.805      1733.14     86651.70
 136.642    107429.20     55446.34    26795.617      1729.36     86176.38
 137.232    107093.12     55166.84    26572.521      1725.61     85730.07
 137.823    106778.99     54890.55    26375.164      1722.19     85308.43
 138.413    106479.97     54616.64    26200.814      1719.08     84919.08
 139.004    106195.63     54338.52    26041.133      1716.15     84539.40
 139.594    105927.73     54052.21    25893.004      1713.59     84173.38
 140.185    105668.12     53752.99    25755.719      1711.30     83815.27
 140.775    105417.90     53445.53    25632.062      1709.39     83471.14
 141.366    105178.51     53132.67    25523.732      1707.79     83151.59
 141.956    104951.73     52823.25    25432.637      1706.57     82851.30
 142.547    104735.25     52519.54    25352.086      1705.73     82561.91
 143.137    104531.38     52232.95    25284.363      1705.13     82289.83
 143.728    104343.90     51966.29    25224.734      1704.66     82019.33
 144.318    104155.87     51714.41    25163.941      1704.46     81756.01
 144.909    103964.54     51482.97    25098.006      1704.28     81487.55
 145.500    103774.74     51264.66    25033.006      1704.32     81229.06
 146.090    103591.98     51055.65    24972.672      1704.60     80980.91
 146.681    103416.95     50851.36    24917.141      1705.07     80749.79
 147.271    103254.46     50658.40    24873.488      1705.72     80539.97
 147.862    103108.47     50486.44    24847.023      1706.71     80345.08
 148.452    102993.85     50341.24    24842.900      1708.16     80183.34
 149.043    102897.84     50220.39    24855.453      1709.87     80044.98
 149.633    102808.77     50108.95    24874.699      1711.81     79915.41
 150.224    102722.16     50002.96    24896.971      1714.06     79799.57
 150.814    102637.49     49901.11    24923.160      1716.49     79686.19
 151.405    102561.77     49797.33    24952.701      1719.38     79581.99
 151.995    102493.66     49696.25    24983.887      1722.43     79482.73
 152.586    102429.31     49604.18    25017.143      1725.48     79390.76
 153.176    102373.83     49527.19    25052.779      1728.55     79307.90
 153.767    102317.50     49470.09    25090.668      1731.44     79220.52
 154.357    102274.23     49431.44    25131.783      1734.25     79148.09
 154.948    102235.35     49403.45    25178.604      1736.94     79080.91
 155.538    102203.77     49379.91    25226.680      1739.70     79025.42
 156.129    102171.51     49355.43    25278.090      1742.86     78974.52
 156.719    102139.15     49332.30    25329.607      1746.48     78922.70
 157.310    102112.34     49309.52    25379.553      1750.53     78870.06
 157.900    102086.76     49287.81    25430.896      1754.84     78818.27
 158.491    102061.63     49266.39    25481.633      1759.08     78773.91
 159.081    102039.05     49245.38    25529.906      1763.14     78731.84
 159.672    102015.05     49221.34    25574.793      1766.99     78686.07
 160.262    101986.23     49192.88    25618.135      1771.22     78631.99
 160.853    101959.12     49162.90    25660.254      1775.82     78583.98
 161.443    101926.33     49133.56    25702.688      1780.50     78537.92
 162.034    101898.16     49102.58    25741.760      1785.18     78492.50
 162.624    101868.91     49071.00    25777.289      1789.64     78444.16
 163.215    101846.38     49042.73    25813.529      1794.30     78394.00
 163.805    101832.23     49019.29    25851.334      1799.14     78344.98
 164.396    101821.38     49001.64    25891.045      1804.11     78298.95
 164.987    101812.28     48987.51    25931.338      1809.03     78254.63
 165.577    101808.47     48981.63    25972.971      1813.93     78204.76
 166.168    101820.02     48987.39    26017.688      1818.91     78158.04
 166.758    101847.10     49007.78    26065.318      1823.88     78109.64
 167.349    101895.32     49048.47    26120.508      1828.89     78064.33
 167.939    101964.26     49104.23    26181.840      1834.04     78027.24
 168.530    102038.34     49174.77    26246.465      1838.98     77984.75
 169.120    102118.16     49252.86    26311.289      1843.99     77942.61
 169.711    102209.61     49331.32    26377.504      1849.02     77899.49
 170.301    102299.66     49407.11    26441.098      1853.82     77855.80
 170.892    102384.46     49477.05    26502.391      1858.32     77814.88
 171.482    102458.80     49536.88    26560.061      1862.27     77772.05
 172.073    102520.69     49586.08    26612.943      1865.76     77733.01
 172.663    102569.73     49627.80    26662.062      1868.80     77687.36
 173.254    102615.13     49663.75    26705.654      1871.37     77644.44
 173.844    102654.03     49693.80    26745.904      1873.49     77608.46
 174.435    102687.90     49718.71    26784.350      1875.12     77576.20
 175.025    102709.50     49739.22    26822.219      1876.52     77537.05
 175.616    102738.63     49755.78    26860.689      1877.87     77506.60
 176.206    102768.96     49773.18    26897.514      1878.93     77470.71
 176.797    102800.45     49790.54    26932.123      1879.89     77436.08
 177.387    102829.73     49805.28    26964.701      1880.61     77401.93
 177.978    102841.01     49817.31    26995.816      1881.25     77360.59
 178.568    102856.98     49826.44    27022.703      1881.78     77321.25
 179.159    102868.28     49831.04    27047.885      1881.85     77283.29
 179.749    102881.92     49829.73    27071.357      1881.53     77247.41
 180.340    102883.42     49825.83    27092.955      1880.81     77202.52
 180.930    102880.63     49816.20    27112.789      1879.94     77164.95
 181.521    102869.77     49800.00    27129.416      1878.81     77129.12
 182.111    102851.30     49778.51    27146.904      1877.52     77096.56
 182.702    102826.71     49754.12    27162.090      1876.20     77066.02
 183.292    102797.33     49728.43    27176.336      1874.78     77029.09
 183.883    102774.66     49702.41    27189.141      1873.33     76992.95
 184.474    102750.58     49674.54    27202.914      1871.98     76949.53
 185.064    102727.52     49646.85    27215.768      1870.47     76910.03
 185.655    102702.19     49620.21    27229.348      1868.76     76876.46
 186.245    102672.97     49598.59    27242.150      1866.73     76842.48
 186.836    102645.62     49582.82    27255.004      1864.67     76804.31
 187.426    102624.55     49568.15    27268.240      1862.60     76766.38
 188.017    102597.59     49552.49    27283.283      1860.50     76726.04
