
  time  !   fluss    ! flussaend. ! aend ideal ! aend resist
 -------!------------!------------!------------!--------------
   0.000        0.000        0.000        0.000        0.000
   1.000       -0.000       -0.000        0.000       -0.000
   2.000        0.000       -0.000       -0.000       -0.000
   3.000        0.000        0.000        0.000        0.000
   4.000        0.000       -0.000       -0.000       -0.000
   5.000        0.000        0.000        0.000        0.000
   6.000       -0.000        0.000        0.000        0.000
   7.000       -0.000       -0.000       -0.000       -0.000
   8.000        0.000        0.000        0.000       -0.000
   9.000       -0.000        0.000        0.000        0.000
  10.000        0.000        0.000        0.000       -0.000
  11.000        0.000        0.000        0.000       -0.000
  12.000        0.000       -0.000       -0.000       -0.000
  13.000        0.000        0.000        0.000       -0.000
  14.000        0.000        0.000        0.000       -0.000
  15.000        0.000        0.000        0.000        0.000
  16.000        0.000        0.000        0.000        0.000
  17.000        0.000        0.000        0.000        0.000
  18.000        0.000       -0.000       -0.000       -0.000
  19.000        0.000        0.000        0.000       -0.000
  20.000        0.000        0.000        0.000        0.000
  21.000        0.000        0.000        0.000       -0.000
  22.000        0.000       -0.000       -0.000        0.000
  23.000        0.000       -0.000       -0.000       -0.000
  24.000        0.000        0.000        0.000        0.000
  25.000        0.000       -0.000       -0.000       -0.000
  26.000        0.000        0.001        0.001       -0.000
  27.000       -0.000       -0.000       -0.000        0.000
  28.000        0.000        0.000        0.000       -0.000
  29.000       -0.000       -0.000       -0.000        0.000
  30.000        0.000       -0.001       -0.001       -0.000
  31.000       -0.000        0.001        0.001        0.000
  32.000       -0.001       -0.003       -0.003       -0.000
  33.000       -0.001        0.003        0.003        0.000
  34.000       -0.001       -0.001       -0.001        0.000
  35.000        0.001        0.003        0.003       -0.000
  36.000       -0.000        0.003        0.003        0.000
  37.000        0.002       -0.002       -0.002       -0.000
  38.000        0.002        0.004        0.004        0.000
  39.000        0.001       -0.004       -0.004       -0.000
  40.000        0.003        0.004        0.004       -0.000
  41.000        0.003       -0.004       -0.004        0.000
  42.000        0.003        0.004        0.004       -0.000
  43.000        0.003       -0.001       -0.001       -0.000
  44.000        0.005        0.006        0.006        0.000
  45.000        0.006       -0.003       -0.003       -0.000
  46.000        0.007        0.002        0.002       -0.000
  47.000        0.004        0.006        0.006        0.000
  48.000        0.008       -0.018       -0.018       -0.000
  49.000        0.002        0.027        0.027        0.000
  50.000        0.004       -0.033       -0.033        0.000
  51.000        0.009        0.034        0.034       -0.000
  51.999        0.001       -0.010       -0.010        0.000
  52.999        0.013       -0.013       -0.013       -0.000
  53.999        0.004        0.017        0.017       -0.000
  54.999        0.020       -0.007       -0.006       -0.001
  55.999       -0.018       -0.021       -0.021       -0.000
  56.999       -0.067       -0.079       -0.080        0.001
  57.999       -0.078        0.007        0.007        0.000
  58.999       -0.075       -0.014       -0.014       -0.000
  59.999       -0.077       -0.008       -0.008        0.000
  60.999       -0.074       -0.000       -0.000        0.000
  61.999       -0.069        0.001        0.001       -0.000
  62.999       -0.067       -0.009       -0.009       -0.000
  63.999       -0.069       -0.008       -0.008        0.000
  64.999       -0.071       -0.005       -0.005        0.000
  65.999       -0.071       -0.004       -0.004        0.000
  66.999       -0.070       -0.003       -0.003        0.000
  68.000       -0.069       -0.002       -0.002        0.000
  68.950       -0.069       -0.004       -0.004       -0.000
  69.850       -0.070       -0.005       -0.005        0.000
  70.749       -0.071       -0.004       -0.004        0.000
  71.649       -0.072       -0.003       -0.003        0.000
  72.549       -0.072       -0.002       -0.002        0.000
  73.449       -0.072       -0.003       -0.003       -0.000
  74.349       -0.072       -0.004       -0.004       -0.000
  75.249       -0.073       -0.003       -0.003        0.000
  76.149       -0.074       -0.003       -0.003        0.000
  77.049       -0.074       -0.003       -0.003        0.000
  77.949       -0.074       -0.003       -0.003       -0.000
  78.849       -0.075       -0.003       -0.003       -0.000
  79.749       -0.076       -0.004       -0.004       -0.000
  80.649       -0.077       -0.003       -0.003        0.000
  81.549       -0.078       -0.003       -0.003        0.000
  82.449       -0.079       -0.004       -0.004       -0.000
  83.349       -0.081       -0.004       -0.004       -0.000
  84.249       -0.083       -0.005       -0.005       -0.000
  85.149       -0.086       -0.005       -0.005        0.000
  86.049       -0.088       -0.006       -0.006        0.000
  86.949       -0.090       -0.005       -0.005        0.000
  87.849       -0.093       -0.005       -0.005        0.000
  88.749       -0.096       -0.008       -0.008       -0.000
  89.649       -0.100       -0.014       -0.015        0.000
  90.522       -0.111       -0.018       -0.018        0.000
  91.332       -0.114        0.017        0.016        0.001
  92.142       -0.069        0.084        0.084        0.001
  92.951        0.004        0.096        0.096       -0.001
  93.761        0.059        0.047        0.049       -0.002
  94.571        0.070       -0.012       -0.010       -0.002
  95.381       -0.008       -0.555       -0.553       -0.001
  96.191       -0.501       -0.000       -0.006        0.006
  97.001       -0.445        0.021        0.021       -0.000
  97.811       -0.488       -0.326       -0.331        0.005
  98.621       -0.486        0.089        0.084        0.006
  99.431       -0.272        0.355        0.357       -0.002
 100.241       -0.157        0.006        0.008       -0.002
 101.051       -0.171        0.004        0.003        0.001
 101.861       -0.151        0.056        0.056       -0.000
 102.671       -0.146       -0.009       -0.009       -0.000
 103.432       -0.148        0.025        0.025        0.000
 104.161       -0.144        0.008        0.008       -0.000
 104.890       -0.155       -0.011       -0.012        0.000
 105.619       -0.160        0.019        0.019        0.000
 106.283       -0.158        0.008        0.008       -0.000
 106.939       -0.162       -0.004       -0.004        0.000
 107.595       -0.164        0.018        0.017        0.000
 108.251       -0.158        0.011        0.011       -0.000
 108.907       -0.158        0.006        0.006        0.000
 109.563       -0.157        0.016        0.016        0.000
 110.220       -0.152        0.013        0.013       -0.000
 110.876       -0.148        0.004        0.004       -0.000
 111.532       -0.140        0.016        0.016        0.000
 112.188       -0.122        0.023        0.023       -0.000
 112.844       -0.103        0.051        0.051        0.000
 113.500       -0.028        0.240        0.240       -0.000
 114.156        0.106        0.199        0.197        0.002
 114.793        0.210        0.254        0.253        0.001
 115.383        0.423        0.507        0.511       -0.004
 115.974        0.525       -0.476       -0.473       -0.003
 116.564        0.344       -0.828       -0.832        0.004
 117.155        0.193        0.264        0.255        0.009
 117.745        0.443        0.837        0.837       -0.001
 118.336        0.758        0.871        0.876       -0.005
 118.926        1.043        0.575        0.579       -0.004
 119.517        1.297        0.649        0.651       -0.002
 120.107        1.466        0.249        0.251       -0.001
 120.698        1.469        0.347        0.346        0.001
 121.288        1.639        0.341        0.344       -0.003
 121.879        1.759       -0.203       -0.199       -0.004
 122.469        1.654       -0.295       -0.297        0.003
 123.060        1.611        0.264        0.261        0.002
 123.650        1.730        0.277        0.279       -0.001
 124.241        1.677       -0.130       -0.126       -0.004
 124.831        1.431       -0.481       -0.478       -0.003
 125.422        1.201       -0.396       -0.396       -0.000
 126.013        1.076       -0.119       -0.120        0.001
 126.603        0.998        0.024        0.024       -0.001
 127.194        0.963        0.029        0.031       -0.002
 127.784        0.987        0.063        0.064       -0.002
 128.375        1.016        0.072        0.073       -0.001
 128.965        1.080        0.094        0.095       -0.001
 129.556        1.135        0.055        0.055       -0.001
 130.146        1.142       -0.029       -0.030        0.000
 130.737        1.148        0.042        0.042        0.000
 131.327        1.163        0.056        0.057       -0.000
 131.918        1.164       -0.067       -0.067        0.000
 132.508        1.129       -0.036       -0.037        0.001
 133.099        1.103       -0.012       -0.013        0.001
 133.689        1.083       -0.062       -0.063        0.001
 134.280        1.064        0.025        0.024        0.001
 134.870        1.074        0.045        0.044        0.001
 135.461        1.103        0.090        0.090        0.000
 136.051        1.145        0.005        0.004        0.000
 136.642        1.153        0.059        0.059        0.001
 137.232        1.178        0.039        0.039        0.000
 137.823        1.185       -0.028       -0.028        0.000
 138.413        1.161       -0.039       -0.040        0.001
 139.004        1.151       -0.017       -0.017        0.000
 139.594        1.123       -0.065       -0.065        0.000
 140.185        1.096       -0.092       -0.092        0.000
 140.775        1.069        0.014        0.013        0.001
 141.366        1.101        0.091        0.091        0.000
 141.956        1.166        0.126        0.127       -0.001
 142.547        1.234        0.064        0.065       -0.001
 143.137        1.223       -0.085       -0.086        0.001
 143.728        1.179        0.011        0.010        0.001
 144.318        1.196        0.017        0.016        0.000
 144.909        1.179       -0.054       -0.054        0.001
 145.500        1.161       -0.006       -0.007        0.001
 146.090        1.161        0.020        0.020        0.001
 146.681        1.164       -0.012       -0.013        0.001
 147.271        1.164        0.016        0.015        0.001
 147.862        1.213        0.071        0.070        0.000
 148.452        1.243        0.009        0.009        0.000
 149.043        1.241       -0.018       -0.018        0.001
 149.633        1.221       -0.042       -0.043        0.001
 150.224        1.195       -0.016       -0.016        0.001
 150.814        1.192        0.007        0.006        0.000
 151.405        1.218        0.039        0.039        0.000
 151.995        1.226       -0.008       -0.008        0.000
 152.586        1.199       -0.042       -0.043        0.001
 153.176        1.183        0.010        0.010        0.001
 153.767        1.210        0.035        0.035        0.000
 154.357        1.249        0.029        0.029       -0.000
 154.948        1.271        0.029        0.029        0.000
 155.538        1.256       -0.048       -0.049        0.000
 156.129        1.274        0.036        0.036        0.000
 156.719        1.272       -0.032       -0.033        0.000
 157.310        1.267       -0.008       -0.009        0.001
 157.900        1.279        0.052        0.052        0.000
 158.491        1.285       -0.002       -0.002        0.000
 159.081        1.264       -0.070       -0.071        0.001
 159.672        1.243        0.013        0.013        0.001
 160.262        1.298        0.121        0.122       -0.000
 160.853        1.342        0.010        0.010       -0.000
 161.443        1.340       -0.000       -0.001        0.000
 162.034        1.332        0.012        0.011        0.001
 162.624        1.336        0.025        0.025        0.000
 163.215        1.333        0.018        0.018        0.000
 163.805        1.359       -0.007       -0.008        0.000
 164.396        1.353       -0.041       -0.041        0.000
 164.987        1.334        0.033        0.033        0.000
 165.577        1.360        0.017        0.017       -0.000
 166.168        1.358        0.007        0.007        0.000
 166.758        1.349        0.001        0.001        0.000
 167.349        1.342        0.018        0.017        0.000
 167.939        1.366        0.014        0.014        0.000
 168.530        1.380        0.024        0.024        0.000
 169.120        1.380       -0.020       -0.020        0.000
 169.711        1.371       -0.033       -0.033        0.000
 170.301        1.338       -0.068       -0.069        0.001
 170.892        1.330        0.036        0.036        0.000
 171.482        1.354        0.039        0.039       -0.000
 172.073        1.356       -0.004       -0.004        0.000
 172.663        1.386        0.088        0.088       -0.000
 173.254        1.429        0.019        0.020       -0.000
 173.844        1.422       -0.035       -0.035        0.001
 174.435        1.405        0.009        0.008        0.001
 175.025        1.397        0.019        0.019        0.000
 175.616        1.400       -0.038       -0.039        0.000
 176.206        1.381       -0.041       -0.042        0.000
 176.797        1.368        0.010        0.010        0.000
 177.387        1.370       -0.013       -0.013        0.000
 177.978        1.400        0.092        0.092       -0.000
 178.568        1.439        0.034        0.034       -0.000
 179.159        1.415       -0.096       -0.096        0.001
 179.749        1.386       -0.018       -0.019        0.001
 180.340        1.388        0.069        0.069        0.000
 180.930        1.401       -0.031       -0.031        0.000
 181.521        1.383       -0.015       -0.015        0.001
 182.111        1.358       -0.015       -0.016        0.001
 182.702        1.359        0.066        0.066        0.000
 183.292        1.404        0.011        0.011       -0.000
 183.883        1.384       -0.035       -0.035        0.000
 184.474        1.400        0.039        0.039       -0.000
 185.064        1.407        0.041        0.041       -0.000
 185.655        1.410        0.028        0.028        0.000
 186.245        1.424        0.057        0.057       -0.000
 186.836        1.432       -0.008       -0.009        0.000
 187.426        1.411       -0.059       -0.059        0.000
 188.017        1.384       -0.009       -0.009        0.001
