   0.000        0.00000        0.00000   26    3    2
   1.000      521.08270        0.35533   64   26   27
   2.000     1065.08154        1.05716   56   26   27
   3.000     1758.41724        2.99134   55   27   27
   4.000     2853.57056        6.56924   54   28   27
   5.000     4166.07764        9.36801   53   30   25
   6.000     5558.25439       10.60594   51   27   27
   7.000     6862.10938       12.52947   50   23   20
   8.000     8073.71631       12.96518   49   25   37
   9.000     9116.88867       12.94138   48   34   38
  10.000     9969.58594       12.68383   47   33   40
  11.000    10758.00391       12.65623   46   26   42
  12.000    11163.93164       14.35909  128   27   28
  13.000    11523.33789       12.27036  135   27   32
  14.000    11778.88281       11.56565   43   43   43
  15.000    11949.75586       11.56396   41   38   10
  16.000    12262.95996       11.02269   40   19    9
  17.000    12244.20410       10.77906   39   41    9
  18.000    12375.47168       10.30829   38   45   44
  19.000    12421.68652       10.21131   37    9   45
  20.000    12479.23730        9.45231   36   46    9
  21.000    12706.89062        9.06739   35    9    8
  22.000    12603.22070        9.02244   34    8    8
  23.000    16071.76758       45.69727  200   16   17
  24.000    11428.50391       17.93391  198   28   28
  25.000     8491.40820       18.17825  194   28   38
  26.000     7576.99756       17.23443  190   37   38
  27.000     6955.27588        9.82265  200   29    2
  28.000     6497.62109       12.30364  200   27   40
  29.000     6332.32324       13.35366  200   20   32
  30.000     6159.49170        9.50215  200   32   24
  31.000     6208.51855       10.67647  198   51   44
  32.000     6051.45801       10.78565  198   45   46
  33.000     6003.90576        9.64700  198   10    2
  34.000     5847.30273       10.32935  198    3    6
  35.000     5658.87793       11.45140  198    8   47
  36.000     5562.20410        9.66049  200   40   33
  37.000     5382.32422       11.22358  198   10   49
  38.000     5268.47607        8.73485  200    7   29
  39.000     5157.81006        8.90092  198    7    6
  40.000     5039.47998       11.37036  198   46   49
  41.000     4999.71240       10.75813  198   49    2
  42.000     4921.37158        8.71088  198   13   24
  43.000     4864.34033        8.03153  198   38    6
  44.000     4828.08545        9.42606  198   11    2
  45.000     4755.79443        8.12775  198    9    6
  46.000     4747.91650        8.05049  198   41   24
  47.000     4672.98584        7.97655  200   47    7
  48.000     4582.53174        9.14631  198    7    4
  49.000     4550.59229        8.17234  198   36   50
  50.000     4484.09473        6.12033  200   17   30
  51.000     4511.77539        8.96310  198   50   20
  51.999     4389.93799        7.56841  198    4    2
  52.999     4062.71826        7.76094  197   50   39
  53.999     3450.35791        8.41815  197   16    4
  54.999     2681.80249       10.80560  197   50   43
  55.999     2435.86865       10.16788  201   30    2
  56.999     2163.56714       10.94973  201   30    2
  57.999     1891.46216       11.35685  201   30    2
  58.999     1668.22290       11.71491  201   30    2
  59.999     1572.28162       12.41571  201   32    2
  60.999     1492.30249       13.17971  201   32    2
  61.999     1422.50757       13.77368  201   29    4
  62.999     1401.07532       14.80175  201   32    2
  63.999     1309.34436       14.18812  201   24   50
  64.999     1268.40454       15.76871  201   24   50
  65.999     1186.25122       15.09501  201   26   50
  66.999     1166.11694       12.84601  201   32    2
  68.000     1125.28296       14.00459  201   34    2
  68.950     1089.79785       12.59267  201   36    2
  69.850     1073.00317       10.86236  201   36    2
  70.749     1047.32715       11.27041  201   34    2
  71.649     1041.72729       10.90292  201   26    2
  72.549     1032.79407       10.41552  201   32    2
  73.449     1019.18066       11.40115  201   24   50
  74.349     1028.64856       11.82451  201   24   50
  75.249     1031.16736       12.87429  201   24   50
  76.149     1051.58521       13.70992  201   22   50
  77.049     1053.06750       12.99552  201   24   50
  77.949     1065.11890       13.31377  201   30    2
  78.849     1073.48450       14.90839  201   30    2
  79.749     1069.50659       16.12095  201   30    2
  80.649     1111.26489       15.41179  201   28    2
  81.549     1144.38501       13.81460  201   24    2
  82.449     1181.21716       13.55701  201   27    4
  83.349     1212.85303       15.05482  201   27    4
  84.249     1272.75928       19.31902    8   36   18
  85.149     1308.53430       15.79634  201   35    4
  86.049     1372.93604       15.62697    6   38   16
  86.949     1447.46423       16.85052  201   22   50
  87.849     1493.34705       17.82307  201   22   50
  88.749     1580.47778       27.88643    8   36   18
  89.649     1642.83582       16.62071  201   28   50
  90.522     1728.89661       19.26719    8   40   15
  91.332     1797.02832       29.63661   18   37   18
  92.142     1789.17676       21.31895   12   15   40
  92.951     1841.16650       24.42971   10   40   17
  93.761     1843.89941       19.87321   14   17   43
  94.571     1945.56531       18.11784  201   34    2
  95.381     2194.68066       18.24130  201   30    2
  96.191     2377.01270       20.27585  201   32    2
  97.001     2433.99683       22.87125   20   37   18
  97.811     2470.34473       23.27731    6   19   30
  98.621     2446.38062       23.33301   14   38   12
  99.431     2530.99121       25.47045    8   40   28
 100.241     2592.84229       22.55403   12   23   14
 101.051     2613.50952       22.86529   18   17   30
 101.861     2606.26489       26.71862   16   13   39
 102.671     2660.08813       20.16678   10   16   31
 103.432     2735.51196       25.32465   18   13   36
 104.161     2799.74194       23.24592   16   39   20
 104.890     2797.23047       22.34999   24   13   38
 105.619     2855.96997       23.22271   20   38   38
 106.283     2975.27637       18.38744   14   36   11
 106.939     3045.74561       20.82528   16   39   20
 107.595     3123.76245       20.90708   12   22   16
 108.251     3191.61938       26.12774    8   13   36
 108.907     3330.86523       20.58830   22   35   12
 109.563     3403.49536       23.17216   24   34   12
 110.220     3500.76147       21.12744   22   36   39
 110.876     3631.52661       25.75644    6   20   14
 111.532     3766.28931       31.49216    6   42   19
 112.188     4031.28711       31.42463   10   44   23
 112.844     4164.59766       24.81273   12   44   25
 113.500     4363.92236       26.64189   12   44   23
 114.156     4569.72363       24.55989   12   42   37
 114.793     4664.66064       28.41350    8   13   39
 115.383     5023.78027       25.14369   18   21   16
 115.974     4788.56787       27.04988   12   22   10
 116.564     4878.71680       25.44270    8   13   31
 117.155     4658.93799       23.55801   38   14   43
 117.745     4419.36816       24.82981   20   14   20
 118.336     4466.93115       22.25386  201   28    2
 118.926     4201.16895       24.57156   20   14   20
 119.517     4151.08057       26.29300   24   22   14
 120.107     4038.08716       22.25844  201   30    2
 120.698     3929.74658       21.40594  201   28    2
 121.288     4058.54663       20.81332  201   28    2
 121.879     3898.31250       20.70669  201   28    2
 122.469     3981.52393       21.15257    8   38   25
 123.060     3880.34766       20.29462  201   30    2
 123.650     1140.21826        8.06405   32   38   19
 124.241      633.31091        9.19570   14   18   20
 124.831      448.23578        5.17205   13   17   19
 125.422      353.69449        4.34764   14   17   19
 126.013      296.13110        2.51615   13   18   19
 126.603      258.24304        1.96764   13   18   18
 127.194      228.12614        1.47800   12   18   18
 127.784      208.22520        1.56796  195   28   24
 128.375      191.53877        1.14918  195   28   24
 128.965      176.71294        1.07544   80   18   28
 129.556      167.64450        1.72899  195   28   24
 130.146      157.95869        1.36086  195   28   24
 130.737      151.08414        1.03293   80   18   28
 131.327      146.71446        1.01117   80   18   28
 131.918      141.16949        1.00515  196   28   24
 132.508      137.09413        0.96126   80   18   28
 133.099      132.76843        0.93513   80   18   28
 133.689      123.57645        0.91048   80   18   28
 134.280      111.50636        0.88692   81   18   28
 134.870       98.81528        0.86413   81   18   28
 135.461       90.00417        0.83862   81   18   28
 136.051       85.12061        0.83651  201   32   24
 136.642       82.56184        0.78644   81   18   28
 137.232       81.42707        0.76292   81   36   26
 137.823       81.20996        0.74022   81   36   26
 138.413       78.36005        0.71882   81   35   26
 139.004       75.96900        0.70255   81   35   26
 139.594       74.85254        0.68749   81   35   27
 140.185       73.36700        0.67372   81   35   27
 140.775       72.37946        0.65947   81   35   27
 141.366       71.97385        0.64583   81   35   27
 141.956       71.52365        0.65083  188   30   27
 142.547       70.67047        0.62505   81   35   27
 143.137       68.12227        0.61641   81   35   27
 143.728       66.62495        0.60810   81   35   27
 144.318       64.03596        0.60015   81   35   27
 144.909       63.06952        0.59420   81   35   27
 145.500       62.19067        0.59196   81   19   27
 146.090       62.43976        0.58997   81   19   27
 146.681       62.53384        0.58733   81   19   27
 147.271       62.90764        1.39593  199   31   29
 147.862       63.33874        0.91541  187   31   28
 148.452       62.92021        0.57650   81   19   27
 149.043       62.75239        0.57238   81   19   28
 149.633       62.80392        0.56907   82   35   26
 150.224       62.77799        0.56667   81   20   27
 150.814       62.82697        0.56768   82   20   27
 151.405       62.72971        0.56916   82   20   27
 151.995       62.43017        0.56974   82   20   27
 152.586       62.68557        0.56975   82   20   27
 153.176       62.61555        0.56935   82   20   27
 153.767       62.97310        0.65801  198   31   30
 154.357       63.00742        0.88665  197   31   29
 154.948       63.54007        0.56471   81   21   27
 155.538       63.10188        0.68417  197   31   29
 156.129       63.02079        0.56626   82   21   27
 156.719       62.69011        0.56701   82   21   27
 157.310       62.63692        0.56716   82   21   27
 157.900       63.35493        0.57443  197   31   29
 158.491       63.74635        0.56787   82   21   27
 159.081       62.40654        0.58050  197   31   29
 159.672       62.51358        0.57208   82   32   27
 160.262       63.20914        0.57537   82   32   27
 160.853       62.41230        0.57831   82   31   27
 161.443       63.72529        0.58284   82   31   27
 162.034       64.22995        0.58811   82   31   27
 162.624       63.18610        0.59344   82   30   27
 163.215       63.94052        0.59489   82   29   27
 163.805       63.06686        0.59898   82   29   27
 164.396       62.34392        0.60302   82   29   27
 164.987       62.71063        0.60721   82   29   27
 165.577       63.02629        0.60987   82   29   27
 166.168       64.13977        0.61108   82   29   27
 166.758       63.53472        0.61165   82   29   27
 167.349       63.44495        0.61323   82   27   27
 167.939       63.56590        0.61467   82   27   27
 168.530       63.56498        0.61463   82   27   27
 169.120       63.02313        0.61741   83   27   27
 169.711       63.23713        0.61952   83   27   27
 170.301       63.83799        0.61924   83   27   27
 170.892       64.24109        0.61775   83   27   27
 171.482       64.09962        0.61571   83   27   27
 172.073       62.88224        0.61413   83   27   27
 172.663       65.91443        0.61120   83   27   27
 173.254       66.23203        0.64053  172   31   28
 173.844       66.33676        0.60408   83   27   27
 174.435       64.73078        0.59743   83   27   27
 175.025       66.20406        0.59348   83   27   27
 175.616       64.86571        0.62584   93   37   39
 176.206       64.46218        0.58215   83   27   27
 176.797       64.55861        0.57650   83   27   27
 177.387       64.42754        0.57284   83   27   27
 177.978       66.75263        0.79585  172   31   28
 178.568       66.80392        0.83018  172   31   28
 179.159       66.60719        0.88118   99   22   28
 179.749       65.27836        0.98220  172   31   28
 180.340       67.26318        0.73360  172   31   28
 180.930       66.17224        0.54635   83   28   27
 181.521       66.07880        0.83429  172   31   28
 182.111       66.96459        1.30483  172   31   28
 182.702       66.05783        1.23030  172   31   28
 183.292       65.55745        0.82948  172   31   28
 183.883       65.37726        0.68301  172   31   28
 184.474       67.10693        0.58573  172   31   28
 185.064       67.30686        0.52091   83   27   27
 185.655       67.17358        0.54872  172   31   28
 186.245       66.52801        0.52499  172   31   28
 186.836       67.02009        0.52087   83   27   27
 187.426       65.22437        0.52077   83   27   27
 188.017       67.50900        0.52159   83   27   27
