       0.00000       1.00000         0.000       -20.000       -20.000
       2.00000       1.00000         4.005        -8.130       -16.281
       4.00000       1.00004         7.710        -2.035         0.000
       6.00000       1.01511         9.684         3.452        -0.200
       8.00001       1.01972         9.235        -4.546         1.001
      10.00002       1.02478         9.013         9.224        -6.890
      12.00003       1.03113         8.573        -0.800        -8.472
      14.00004       1.03223         8.139         2.478         9.645
      16.00004       1.03269         7.710         0.800       -11.733
      18.00001       1.03005         7.286        -7.189        10.102
      19.99998       1.02924         6.866         7.805        10.600
      21.99995       1.03012         6.450        -1.203       -13.799
      23.99992       1.03039         6.037         8.835        13.061
      24.99990       1.03042         5.831        14.585         8.130
      26.99987       1.03200         5.218       -11.733        10.102
      28.99984       1.03353         4.813       -13.061        10.102
      30.99981       1.03287         4.408        12.372        11.733
      32.99978       1.03500         4.005       -10.102       -14.585
      34.99975       1.03256         3.603       -19.049        -2.710
      36.99972       1.03347         3.402       -13.061       -19.049
      38.99969       1.03290         3.001       -16.281        19.049
      40.99966       1.03523         2.400        10.102        19.049
      42.99963       1.03399         2.200       -18.106        19.049
      44.99960       1.03269         1.800       -18.106       -19.049
      46.99957       1.03178         1.200       -15.413        15.413
      48.99954       1.02998         0.600        -9.645         9.645
      49.99952       1.03356         0.600        17.181        -5.418
      51.99949       1.04411         0.000        -3.452       -11.143
      53.99946       1.05486         0.000       -19.049       -16.281
      55.99943       0.86115        80.000        -1.001         0.600
      57.99940       0.92297        80.000        -1.821         2.253
      59.99937       0.99906        80.000        -0.600         0.400
      61.99934       0.99837        80.000        -0.400         0.400
      63.99931       1.01826        80.000        -0.400         0.400
      65.99943       1.02311        80.000        -1.407         4.263
      67.99955       1.03140        80.000         2.949         1.203
      69.99967       1.03828        80.000         2.710         1.001
      71.99979       1.04223        80.000         2.710         1.001
      73.99992       1.05063        80.000        -1.821         2.253
      74.99998       1.05591        80.000        -1.821         2.253
      77.00010       1.64563         1.400        -4.263         0.800
      79.00022       3.48369         1.000        -0.800         0.400
      81.00034       3.57922         1.400        -0.400         2.710
      83.00047       3.95625         0.200         4.546         4.263
      85.00059       3.29167         0.200         6.594       -10.102
      87.00071       3.57837         0.200         2.253        12.372
      89.00083       3.37768         0.600         3.452        15.413
      91.00095       3.41357         0.200       -16.281         3.196
      93.00108       2.76964         1.000        -1.203       -11.143
      95.00120       3.18471         1.400        17.181        -7.189
      97.00132       2.71333         1.400        15.413         2.949
      99.00144       2.67925         1.400        17.181         7.189
     100.00150       3.18124         0.600         7.805        20.000
     102.00163       2.50058         0.200        12.372        -5.418
     104.00175       2.77250         0.200        15.413        -9.224
     106.00187       2.71287         1.000       -11.733        -6.594
     108.00199       2.78227         0.200        15.413         7.189
     110.00211       2.68332         0.200        -4.546        20.000
     112.00224       2.30760         0.600         2.478       -15.413
     114.00236       2.87835         0.200         7.189        13.799
     116.00248       2.91597         0.200        20.000         0.400
     118.00260       2.93570         1.000        -8.130        20.000
     120.00272       2.42913         0.600         2.710        17.181
     122.00285       1.95599         0.600        15.413        -5.125
     124.00297       3.88373         0.600         5.125        -1.407
     125.00303       2.48067         0.200         5.125        -1.407
     127.00315       2.65495         0.200        13.799         4.834
     129.00327       2.41855         0.200        -5.125       -18.106
     131.00339       2.62915         1.000        18.106         3.715
     133.00351       2.23898         2.200        -9.645        17.181
     135.00363       2.60649         0.200        -8.835        20.000
     137.00375       2.19161         0.200        15.413        -5.418
     139.00388       2.30230         1.000       -13.061        12.372
     141.00400       1.11249        80.000         3.986         3.452
     143.00412       1.10296        80.000        -4.263        -3.986
     145.00424       0.96972        80.000        12.372        10.102
     147.00436       0.92655        80.000         7.493         7.805
     149.00449       0.90718        80.000         7.493         7.805
     150.00455       0.90954        80.000        13.799         9.645
     152.00467       0.92140        79.047        13.799         9.224
     154.00479       0.96733        80.000        13.799         9.224
     156.00491       0.98258        80.000       -13.061        -8.835
     158.00504       0.96966        80.000       -13.799        -8.835
     160.00516       0.96213        80.000       -13.799        -8.835
     162.00528       0.95073        80.000       -13.799        -8.835
     164.00540       0.93777        80.000        13.799         8.835
     166.00552       0.93123        80.000        13.799         8.835
     168.00565       0.93292        80.000        -6.300        -8.472
     170.00577       0.93259        80.000        13.799         8.835
     172.00589       0.94902        78.095       -10.102       -10.102
     174.00601       1.05188        78.095        -9.224       -10.102
     175.00607       0.97041        77.144       -11.733        -9.224
     177.00620       1.00440        77.144        11.733         9.645
     179.00632       1.03793        77.144       -11.733        -9.224
     181.00644       1.45950        77.144       -10.102        -9.224
     183.00656       1.65479        77.144       -11.143        -8.835
     185.00668       4.56074        77.144       -11.733        -9.224
     187.00681       1.31281        77.144       -10.600        -8.835
     189.00693       1.79739        77.144        -9.224        -8.835
     191.00705       1.77156        77.144         9.224         9.224
     193.00717       1.56288        77.144        -9.224        -8.472
     195.00729       1.62273        77.144        -9.645        -8.130
     197.00742       2.10307        77.144        10.600         8.130
     199.00754       1.39741        77.144         8.472         8.472
     200.00760       1.42361        77.144        10.600         7.805
     202.00772       1.61643        75.247        -8.835        -6.890
     204.00784       1.75802        76.194        -9.645        -7.805
     206.00797       2.77937        75.247        -9.645        -6.594
     208.00809       2.72984        77.144        -6.890        -8.472
     210.00821       2.28172        75.247        -7.493        -6.594
     212.00833       2.24925        75.247         8.472         6.594
     214.00845       2.29420        77.144         7.189         8.835
     216.00858       2.04314        75.247         3.986         6.594
     218.00870       2.18084        75.247         6.006         6.890
     220.00882       2.46165        75.247         7.189         6.594
     222.00894       2.01860        79.047        -6.300        -7.189
     224.00906       2.53789        78.095         5.711         7.805
     225.00912       2.22821        77.144        -6.890        -7.189
     227.00925       2.39642        79.047        -5.418        -7.189
     229.00937       2.57921        78.095         6.594         7.805
     231.00949       2.72771        78.095         6.594         7.189
     233.00961       2.81906        78.095         6.300         7.493
     235.00974       2.02776        78.095         5.711         7.493
     237.00986       2.11425        76.194         4.546         5.711
     239.00998       2.48365        76.194         4.263         5.125
     241.01010       4.65199        76.194         4.546         5.418
     243.01022       2.55429        77.144         5.418         7.493
     245.01035       2.06551        77.144         4.546         5.711
     247.01047       2.04844        73.361        -3.452        -5.711
     249.01059       2.12423        36.897         2.478         1.821
     250.01065       2.35382        36.497         3.986         2.478
